-3.003649597167968750e+02,-2.834776916503906250e+02,-2.826513366699218750e+02,-2.853158569335937500e+02,-2.863135375976562500e+02,-2.813950500488281250e+02,-2.749381103515625000e+02,-2.709024353027343750e+02,-2.711442871093750000e+02,-2.389575042724609375e+02,-9.715237426757812500e+01,-1.088662242889404297e+01,1.956918716430664062e+01,5.908828735351562500e+01,8.230275726318359375e+01,1.483939838409423828e+01,-1.632851715087890625e+02,-1.740113677978515625e+02,1.646736335754394531e+01,1.430637817382812500e+02,1.837900085449218750e+02,1.670812072753906250e+02,1.541728210449218750e+02,1.373228454589843750e+02,6.892279815673828125e+01,-1.000795745849609375e+01,-3.414285659790039062e+01,-6.365637588500976562e+01,-1.214354019165039062e+02,-1.773720397949218750e+02,-2.140470581054687500e+02,-2.473856506347656250e+02,-2.615767822265625000e+02,-2.642124023437500000e+02,-2.543801879882812500e+02,-2.424368896484375000e+02,-2.347532348632812500e+02,-1.388208312988281250e+02,-2.082282829284667969e+01,2.572014617919921875e+01,5.788697433471679688e+01,9.882244110107421875e+01,8.531660461425781250e+01,6.493136405944824219e+00,2.191850423812866211e+00,4.157822036743164062e+01,6.294477462768554688e+01,6.859109497070312500e+01,6.746964263916015625e+01,6.690393829345703125e+01,7.762979125976562500e+01,6.426604461669921875e+01,1.055093154907226562e+02,1.588240356445312500e+02,1.408281860351562500e+02,1.165331954956054688e+02,1.225346984863281250e+02,1.352827606201171875e+02,1.366078948974609375e+02,1.302139129638671875e+02,9.679301452636718750e+01,2.022379493713378906e+01,-6.829444885253906250e+01,-1.134124755859375000e+02,-1.696248016357421875e+02,-2.141677246093750000e+02,-2.404660644531250000e+02,-2.514484863281250000e+02,-2.605129394531250000e+02,-2.697516784667968750e+02,-2.663099365234375000e+02,-2.612955322265625000e+02,-2.728447265625000000e+02,-2.774713134765625000e+02,-2.847601013183593750e+02,-2.874987487792968750e+02,-2.890319519042968750e+02,-2.916047058105468750e+02,-2.879928894042968750e+02,-2.862321777343750000e+02,-2.814923706054687500e+02,-2.730604858398437500e+02,-2.619560852050781250e+02,-2.562124023437500000e+02,-2.542302551269531250e+02,-2.555742950439453125e+02,-2.618022155761718750e+02,-2.868045043945312500e+02,-3.404150085449218750e+02,-3.455725708007812500e+02,-3.455725708007812500e+02,-3.455725708007812500e+02,-3.455725708007812500e+02,-3.455725708007812500e+02,-3.455725708007812500e+02,-3.455725708007812500e+02,-3.455725708007812500e+02,-3.455725708007812500e+02,-3.455725708007812500e+02,-3.455725708007812500e+02,-3.455725708007812500e+02,-3.455725708007812500e+02,-3.455725708007812500e+02,-3.455725708007812500e+02,-3.455725708007812500e+02,-3.455725708007812500e+02,-3.455725708007812500e+02,-3.455725708007812500e+02,-3.455725708007812500e+02,-3.455725708007812500e+02,-3.455725708007812500e+02,-3.455725708007812500e+02,-3.455725708007812500e+02,-3.455725708007812500e+02,-3.455725708007812500e+02,-3.455725708007812500e+02,-3.455725708007812500e+02,-3.455725708007812500e+02,-3.455725708007812500e+02,-3.455725708007812500e+02,-3.455725708007812500e+02,-3.455725708007812500e+02,-3.455725708007812500e+02,-3.455725708007812500e+02,-3.455725708007812500e+02,-3.455725708007812500e+02,-3.455725708007812500e+02,-3.455725708007812500e+02,-3.455725708007812500e+02,-3.455725708007812500e+02,-3.455725708007812500e+02,-3.455725708007812500e+02,-3.455725708007812500e+02,-3.455725708007812500e+02,-3.455725708007812500e+02,-3.455725708007812500e+02,-3.455725708007812500e+02,-3.455725708007812500e+02,-3.455725708007812500e+02,-3.455725708007812500e+02,-3.455725708007812500e+02,-3.455725708007812500e+02,-3.455725708007812500e+02,-3.455725708007812500e+02,-3.455725708007812500e+02,-3.455725708007812500e+02,-3.455725708007812500e+02,-3.455725708007812500e+02,-3.455725708007812500e+02,-3.455725708007812500e+02,-3.455725708007812500e+02,-3.455725708007812500e+02,-3.455725708007812500e+02,-3.455725708007812500e+02,-3.455725708007812500e+02,-3.455725708007812500e+02,-3.455725708007812500e+02
4.675300216674804688e+01,5.800765991210937500e+01,6.208530426025390625e+01,6.142952346801757812e+01,6.285350418090820312e+01,7.060289764404296875e+01,7.792098999023437500e+01,8.082548522949218750e+01,7.556108856201171875e+01,9.843686676025390625e+01,1.639391784667968750e+02,1.764626007080078125e+02,1.687851867675781250e+02,1.570386352539062500e+02,1.692416687011718750e+02,1.747893676757812500e+02,1.488417358398437500e+02,7.564915466308593750e+01,4.394050598144531250e+01,7.992283630371093750e+01,1.029052581787109375e+02,7.741472625732421875e+01,7.815394592285156250e+01,1.392294921875000000e+02,1.778064880371093750e+02,1.493395996093750000e+02,1.466902160644531250e+02,1.541991577148437500e+02,1.482694702148437500e+02,1.325855255126953125e+02,1.153827209472656250e+02,9.839993286132812500e+01,8.858703613281250000e+01,8.709153747558593750e+01,9.318209838867187500e+01,9.791343688964843750e+01,9.926599121093750000e+01,1.558754425048828125e+02,1.811209716796875000e+02,1.691223144531250000e+02,1.434112548828125000e+02,1.545281372070312500e+02,1.747229461669921875e+02,1.674336853027343750e+02,1.363891296386718750e+02,1.438027343750000000e+02,1.173445205688476562e+02,8.469780731201171875e+01,6.225296783447265625e+01,6.710351562500000000e+01,1.163110122680664062e+02,1.549233245849609375e+02,1.732607574462890625e+02,1.512086486816406250e+02,1.016683197021484375e+02,5.535125732421875000e+01,5.924013900756835938e+01,6.969229125976562500e+01,8.603164672851562500e+01,1.153519897460937500e+02,1.397960510253906250e+02,1.376576538085937500e+02,1.132096405029296875e+02,1.118666534423828125e+02,1.133401107788085938e+02,1.079794921875000000e+02,9.861343383789062500e+01,9.620059204101562500e+01,9.115196228027343750e+01,8.342378997802734375e+01,7.838024902343750000e+01,7.592091369628906250e+01,7.492105102539062500e+01,7.324942016601562500e+01,6.540217590332031250e+01,6.432670593261718750e+01,6.195351409912109375e+01,5.807403564453125000e+01,6.003844070434570312e+01,5.997576141357421875e+01,6.481286621093750000e+01,7.167932891845703125e+01,7.803698730468750000e+01,8.037063598632812500e+01,8.109988403320312500e+01,7.954887390136718750e+01,7.677221679687500000e+01,6.034685516357421875e+01,7.042593002319335938e+00,0.000000000000000000e+00,0.000000000000000000e+00,0.000000000000000000e+00,0.000000000000000000e+00,0.000000000000000000e+00,0.000000000000000000e+00,0.000000000000000000e+00,0.000000000000000000e+00,0.000000000000000000e+00,0.000000000000000000e+00,0.000000000000000000e+00,0.000000000000000000e+00,0.000000000000000000e+00,0.000000000000000000e+00,0.000000000000000000e+00,0.000000000000000000e+00,0.000000000000000000e+00,0.000000000000000000e+00,0.000000000000000000e+00,0.000000000000000000e+00,0.000000000000000000e+00,0.000000000000000000e+00,0.000000000000000000e+00,0.000000000000000000e+00,0.000000000000000000e+00,0.000000000000000000e+00,0.000000000000000000e+00,0.000000000000000000e+00,0.000000000000000000e+00,0.000000000000000000e+00,0.000000000000000000e+00,0.000000000000000000e+00,0.000000000000000000e+00,0.000000000000000000e+00,0.000000000000000000e+00,0.000000000000000000e+00,0.000000000000000000e+00,0.000000000000000000e+00,0.000000000000000000e+00,0.000000000000000000e+00,0.000000000000000000e+00,0.000000000000000000e+00,0.000000000000000000e+00,0.000000000000000000e+00,0.000000000000000000e+00,0.000000000000000000e+00,0.000000000000000000e+00,0.000000000000000000e+00,0.000000000000000000e+00,0.000000000000000000e+00,0.000000000000000000e+00,0.000000000000000000e+00,0.000000000000000000e+00,0.000000000000000000e+00,0.000000000000000000e+00,0.000000000000000000e+00,0.000000000000000000e+00,0.000000000000000000e+00,0.000000000000000000e+00,0.000000000000000000e+00,0.000000000000000000e+00,0.000000000000000000e+00,0.000000000000000000e+00,0.000000000000000000e+00,0.000000000000000000e+00,0.000000000000000000e+00,0.000000000000000000e+00,0.000000000000000000e+00
2.352999114990234375e+01,2.063640022277832031e+01,2.430704116821289062e+01,2.548055458068847656e+01,2.794150161743164062e+01,3.637088775634765625e+01,4.005541610717773438e+01,3.803162002563476562e+01,3.139460182189941406e+01,3.810091018676757812e+01,1.470251655578613281e+01,8.850940704345703125e+00,3.430849075317382812e+00,-2.347614669799804688e+01,-2.855008697509765625e+01,-2.069081115722656250e+01,2.465774154663085938e+01,1.929035186767578125e+01,2.886211395263671875e+01,-1.055218338966369629e+00,-4.647159576416015625e+01,-9.074478912353515625e+01,-1.053097991943359375e+02,-7.761631774902343750e+01,-7.484784698486328125e+01,-8.265682983398437500e+01,-8.267374420166015625e+01,-5.440589141845703125e+01,-1.025081920623779297e+01,1.854849052429199219e+01,2.579389572143554688e+01,3.449597930908203125e+01,3.718878173828125000e+01,3.860426330566406250e+01,4.088424682617187500e+01,3.693842697143554688e+01,3.266771316528320312e+01,3.142145156860351562e+01,1.820602416992187500e+01,1.275075531005859375e+01,-1.943895339965820312e+01,-4.423752212524414062e+01,-4.935564041137695312e+01,-3.556713104248046875e+01,-3.224629974365234375e+01,-5.058895874023437500e+01,-8.457041931152343750e+01,-9.882065582275390625e+01,-9.540042877197265625e+01,-8.815782165527343750e+01,-6.179161834716796875e+01,-4.677440643310546875e+01,-4.855400085449218750e+01,-6.333198928833007812e+01,-7.393675231933593750e+01,-9.631288146972656250e+01,-1.015731811523437500e+02,-1.124740066528320312e+02,-1.171831054687500000e+02,-1.148052062988281250e+02,-9.374569702148437500e+01,-5.223733520507812500e+01,-2.915631484985351562e+01,-2.557964706420898438e+01,-9.955172538757324219e+00,8.904336929321289062e+00,2.084546470642089844e+01,3.378004074096679688e+01,4.032345581054687500e+01,4.185971069335937500e+01,2.455570411682128906e+01,1.308898448944091797e+01,2.653726196289062500e+01,3.313901519775390625e+01,2.984228324890136719e+01,3.247415924072265625e+01,2.948904418945312500e+01,2.639591598510742188e+01,2.562387466430664062e+01,2.336739349365234375e+01,2.262963104248046875e+01,2.030055046081542969e+01,1.343887329101562500e+01,1.059111499786376953e+01,1.109700870513916016e+01,9.864598274230957031e+00,1.453137016296386719e+01,2.160646057128906250e+01,6.523155689239501953e+00,0.000000000000000000e+00,0.000000000000000000e+00,0.000000000000000000e+00,0.000000000000000000e+00,0.000000000000000000e+00,0.000000000000000000e+00,0.000000000000000000e+00,0.000000000000000000e+00,0.000000000000000000e+00,0.000000000000000000e+00,0.000000000000000000e+00,0.000000000000000000e+00,0.000000000000000000e+00,0.000000000000000000e+00,0.000000000000000000e+00,0.000000000000000000e+00,0.000000000000000000e+00,0.000000000000000000e+00,0.000000000000000000e+00,0.000000000000000000e+00,0.000000000000000000e+00,0.000000000000000000e+00,0.000000000000000000e+00,0.000000000000000000e+00,0.000000000000000000e+00,0.000000000000000000e+00,0.000000000000000000e+00,0.000000000000000000e+00,0.000000000000000000e+00,0.000000000000000000e+00,0.000000000000000000e+00,0.000000000000000000e+00,0.000000000000000000e+00,0.000000000000000000e+00,0.000000000000000000e+00,0.000000000000000000e+00,0.000000000000000000e+00,0.000000000000000000e+00,0.000000000000000000e+00,0.000000000000000000e+00,0.000000000000000000e+00,0.000000000000000000e+00,0.000000000000000000e+00,0.000000000000000000e+00,0.000000000000000000e+00,0.000000000000000000e+00,0.000000000000000000e+00,0.000000000000000000e+00,0.000000000000000000e+00,0.000000000000000000e+00,0.000000000000000000e+00,0.000000000000000000e+00,0.000000000000000000e+00,0.000000000000000000e+00,0.000000000000000000e+00,0.000000000000000000e+00,0.000000000000000000e+00,0.000000000000000000e+00,0.000000000000000000e+00,0.000000000000000000e+00,0.000000000000000000e+00,0.000000000000000000e+00,0.000000000000000000e+00,0.000000000000000000e+00,0.000000000000000000e+00,0.000000000000000000e+00,0.000000000000000000e+00,0.000000000000000000e+00
1.668784713745117188e+01,1.562864685058593750e+01,1.495611000061035156e+01,1.338633537292480469e+01,1.159510612487792969e+01,1.983223724365234375e+01,2.203388595581054688e+01,1.827203750610351562e+01,1.799483871459960938e+01,3.708152389526367188e+01,4.676458358764648438e+01,3.713724517822265625e+01,1.747608947753906250e+01,5.283361434936523438e+00,2.496821975708007812e+01,4.394833755493164062e+01,2.353404998779296875e+01,2.020131301879882812e+01,4.330358886718750000e+01,5.823756408691406250e+01,5.135197067260742188e+01,1.904483985900878906e+01,8.692596435546875000e+00,1.888636970520019531e+01,3.513230895996093750e+01,4.508583831787109375e+01,2.710571670532226562e+01,2.242621612548828125e+01,3.103474044799804688e+01,3.015745162963867188e+01,2.006281280517578125e+01,1.584286308288574219e+01,1.657440185546875000e+01,1.652124404907226562e+01,2.495609855651855469e+01,2.859734344482421875e+01,2.897175598144531250e+01,4.618054962158203125e+01,4.369007873535156250e+01,3.320223999023437500e+01,4.477833747863769531e+00,4.075663566589355469e+00,1.542248344421386719e+01,2.477970504760742188e+01,3.165121078491210938e+01,1.563285160064697266e+01,1.276117134094238281e+01,1.808454513549804688e+01,3.022799682617187500e+01,4.163227081298828125e+01,5.166647338867187500e+01,4.260515975952148438e+01,7.947984695434570312e+00,2.979788064956665039e+00,-1.703191280364990234e+00,-5.755569458007812500e+00,-5.864481449127197266e+00,-6.089550018310546875e+00,-6.567292213439941406e+00,-1.022518539428710938e+01,-1.597966384887695312e+01,-9.025985717773437500e+00,1.015548992156982422e+01,3.311889648437500000e+00,-6.385434269905090332e-01,4.318863868713378906e+00,3.597012042999267578e+00,1.120742225646972656e+01,1.978902244567871094e+01,2.291075897216796875e+01,8.391105651855468750e+00,-5.093262195587158203e-01,8.655309677124023438e+00,1.587461566925048828e+01,1.423286628723144531e+01,1.563604164123535156e+01,1.235372924804687500e+01,1.085683345794677734e+01,1.246846961975097656e+01,1.196677398681640625e+01,7.874468803405761719e+00,3.518520832061767578e+00,-3.227581977844238281e+00,-3.848207950592041016e+00,-1.762241125106811523e+00,-1.592640399932861328e+00,2.211765527725219727e+00,6.140498161315917969e+00,6.137602329254150391e+00,0.000000000000000000e+00,0.000000000000000000e+00,0.000000000000000000e+00,0.000000000000000000e+00,0.000000000000000000e+00,0.000000000000000000e+00,0.000000000000000000e+00,0.000000000000000000e+00,0.000000000000000000e+00,0.000000000000000000e+00,0.000000000000000000e+00,0.000000000000000000e+00,0.000000000000000000e+00,0.000000000000000000e+00,0.000000000000000000e+00,0.000000000000000000e+00,0.000000000000000000e+00,0.000000000000000000e+00,0.000000000000000000e+00,0.000000000000000000e+00,0.000000000000000000e+00,0.000000000000000000e+00,0.000000000000000000e+00,0.000000000000000000e+00,0.000000000000000000e+00,0.000000000000000000e+00,0.000000000000000000e+00,0.000000000000000000e+00,0.000000000000000000e+00,0.000000000000000000e+00,0.000000000000000000e+00,0.000000000000000000e+00,0.000000000000000000e+00,0.000000000000000000e+00,0.000000000000000000e+00,0.000000000000000000e+00,0.000000000000000000e+00,0.000000000000000000e+00,0.000000000000000000e+00,0.000000000000000000e+00,0.000000000000000000e+00,0.000000000000000000e+00,0.000000000000000000e+00,0.000000000000000000e+00,0.000000000000000000e+00,0.000000000000000000e+00,0.000000000000000000e+00,0.000000000000000000e+00,0.000000000000000000e+00,0.000000000000000000e+00,0.000000000000000000e+00,0.000000000000000000e+00,0.000000000000000000e+00,0.000000000000000000e+00,0.000000000000000000e+00,0.000000000000000000e+00,0.000000000000000000e+00,0.000000000000000000e+00,0.000000000000000000e+00,0.000000000000000000e+00,0.000000000000000000e+00,0.000000000000000000e+00,0.000000000000000000e+00,0.000000000000000000e+00,0.000000000000000000e+00,0.000000000000000000e+00,0.000000000000000000e+00,0.000000000000000000e+00
1.065893268585205078e+01,1.085317611694335938e+01,1.165183639526367188e+01,1.000151824951171875e+01,8.102934837341308594e+00,1.569688415527343750e+01,2.000239372253417969e+01,1.842768859863281250e+01,1.669592475891113281e+01,2.513706207275390625e+01,-8.242196083068847656e+00,-3.537308502197265625e+01,-5.877798461914062500e+01,-5.419967651367187500e+01,-3.427041625976562500e+01,-1.256646728515625000e+01,1.709877777099609375e+01,-1.803063201904296875e+01,-2.083517074584960938e+01,-1.009924507141113281e+01,-2.108848953247070312e+01,-3.355068969726562500e+01,-2.664533042907714844e+01,-2.463152694702148438e+01,-1.727359390258789062e+01,1.066280364990234375e+01,1.412495613098144531e+01,1.638176918029785156e+01,2.688337707519531250e+01,2.888965225219726562e+01,2.411835479736328125e+01,2.418739318847656250e+01,2.108341789245605469e+01,1.706723785400390625e+01,2.029710960388183594e+01,2.185402488708496094e+01,1.948334503173828125e+01,1.748824477195739746e+00,-2.741409301757812500e+01,-5.073345947265625000e+01,-7.026783752441406250e+01,-5.815396881103515625e+01,-3.980545043945312500e+01,-1.143428897857666016e+01,-6.366603851318359375e+00,2.793867111206054688e+00,-4.510002732276916504e-01,-1.471995735168457031e+01,-2.530084991455078125e+01,-3.414827728271484375e+01,-2.914597320556640625e+01,-1.667281913757324219e+01,-2.571778869628906250e+01,-3.031688308715820312e+01,-2.725110626220703125e+01,-2.471183967590332031e+01,-2.419703292846679688e+01,-2.353091430664062500e+01,-2.212797546386718750e+01,-1.580359840393066406e+01,-2.983647346496582031e+00,7.740696907043457031e+00,1.794649505615234375e+01,1.632563018798828125e+01,1.809991645812988281e+01,2.355214881896972656e+01,2.239417266845703125e+01,2.034344100952148438e+01,2.602906417846679688e+01,2.289427566528320312e+01,2.063982772827148438e+01,1.973337364196777344e+01,1.900647354125976562e+01,1.756832695007324219e+01,1.470952033996582031e+01,1.240347290039062500e+01,9.713350296020507812e+00,7.720986366271972656e+00,9.514869689941406250e+00,9.386264801025390625e+00,1.065206146240234375e+01,1.297733592987060547e+01,1.321702098846435547e+01,1.226391220092773438e+01,1.008413696289062500e+01,1.024391174316406250e+01,1.197659397125244141e+01,9.911134719848632812e+00,5.943346977233886719e+00,0.000000000000000000e+00,0.000000000000000000e+00,0.000000000000000000e+00,0.000000000000000000e+00,0.000000000000000000e+00,0.000000000000000000e+00,0.000000000000000000e+00,0.000000000000000000e+00,0.000000000000000000e+00,0.000000000000000000e+00,0.000000000000000000e+00,0.000000000000000000e+00,0.000000000000000000e+00,0.000000000000000000e+00,0.000000000000000000e+00,0.000000000000000000e+00,0.000000000000000000e+00,0.000000000000000000e+00,0.000000000000000000e+00,0.000000000000000000e+00,0.000000000000000000e+00,0.000000000000000000e+00,0.000000000000000000e+00,0.000000000000000000e+00,0.000000000000000000e+00,0.000000000000000000e+00,0.000000000000000000e+00,0.000000000000000000e+00,0.000000000000000000e+00,0.000000000000000000e+00,0.000000000000000000e+00,0.000000000000000000e+00,0.000000000000000000e+00,0.000000000000000000e+00,0.000000000000000000e+00,0.000000000000000000e+00,0.000000000000000000e+00,0.000000000000000000e+00,0.000000000000000000e+00,0.000000000000000000e+00,0.000000000000000000e+00,0.000000000000000000e+00,0.000000000000000000e+00,0.000000000000000000e+00,0.000000000000000000e+00,0.000000000000000000e+00,0.000000000000000000e+00,0.000000000000000000e+00,0.000000000000000000e+00,0.000000000000000000e+00,0.000000000000000000e+00,0.000000000000000000e+00,0.000000000000000000e+00,0.000000000000000000e+00,0.000000000000000000e+00,0.000000000000000000e+00,0.000000000000000000e+00,0.000000000000000000e+00,0.000000000000000000e+00,0.000000000000000000e+00,0.000000000000000000e+00,0.000000000000000000e+00,0.000000000000000000e+00,0.000000000000000000e+00,0.000000000000000000e+00,0.000000000000000000e+00,0.000000000000000000e+00,0.000000000000000000e+00
6.432570457458496094e+00,3.707111120223999023e+00,5.695511817932128906e+00,4.941524028778076172e+00,7.236125946044921875e+00,1.234302043914794922e+01,1.812009811401367188e+01,1.956836700439453125e+01,1.461543083190917969e+01,9.098678588867187500e+00,-3.007327270507812500e+01,-3.672056579589843750e+01,-2.301093673706054688e+01,1.133519554138183594e+01,1.227319908142089844e+01,-1.917401313781738281e+00,3.501950740814208984e+00,2.718795394897460938e+01,2.158098220825195312e+01,-7.154536247253417969e+00,-1.721988487243652344e+01,-1.954330062866210938e+01,-9.596233367919921875e+00,-8.585143089294433594e+00,-1.886946105957031250e+01,-1.621054267883300781e+01,-9.960748672485351562e+00,-3.123905658721923828e+00,7.205130577087402344e+00,1.512038803100585938e+01,1.640029144287109375e+01,2.373550796508789062e+01,2.315437698364257812e+01,1.795490455627441406e+01,1.391413688659667969e+01,1.186005401611328125e+01,1.250848007202148438e+01,-1.752476501464843750e+01,-3.800855255126953125e+01,-3.860883712768554688e+01,-1.075983333587646484e+01,7.132611274719238281e+00,5.470127582550048828e+00,5.228895545005798340e-01,1.580583572387695312e+01,2.392254257202148438e+01,9.476728439331054688e+00,6.205190658569335938e+00,1.397917270660400391e+00,-1.131931304931640625e+01,-5.784203052520751953e+00,4.590156555175781250e+00,7.995285987854003906e+00,4.954836368560791016e+00,-3.510522603988647461e+00,-6.751193046569824219e+00,-8.159811973571777344e+00,-8.913534164428710938e+00,-3.775542736053466797e+00,-4.726423263549804688e+00,-4.812932968139648438e+00,8.405716896057128906e+00,1.889017486572265625e+01,1.992328643798828125e+01,2.091353225708007812e+01,2.312237930297851562e+01,2.698571014404296875e+01,2.329190063476562500e+01,2.680803298950195312e+01,2.020756912231445312e+01,2.702711486816406250e+01,3.685207366943359375e+01,2.368290710449218750e+01,1.582667255401611328e+01,1.363379001617431641e+01,1.000267314910888672e+01,7.738729000091552734e+00,4.344801425933837891e+00,2.179507255554199219e+00,8.242920637130737305e-01,8.207125663757324219e+00,1.447379493713378906e+01,1.766296386718750000e+01,1.600274467468261719e+01,1.040287971496582031e+01,7.396727085113525391e+00,1.007071495056152344e+01,1.303359031677246094e+01,5.597422122955322266e+00,0.000000000000000000e+00,0.000000000000000000e+00,0.000000000000000000e+00,0.000000000000000000e+00,0.000000000000000000e+00,0.000000000000000000e+00,0.000000000000000000e+00,0.000000000000000000e+00,0.000000000000000000e+00,0.000000000000000000e+00,0.000000000000000000e+00,0.000000000000000000e+00,0.000000000000000000e+00,0.000000000000000000e+00,0.000000000000000000e+00,0.000000000000000000e+00,0.000000000000000000e+00,0.000000000000000000e+00,0.000000000000000000e+00,0.000000000000000000e+00,0.000000000000000000e+00,0.000000000000000000e+00,0.000000000000000000e+00,0.000000000000000000e+00,0.000000000000000000e+00,0.000000000000000000e+00,0.000000000000000000e+00,0.000000000000000000e+00,0.000000000000000000e+00,0.000000000000000000e+00,0.000000000000000000e+00,0.000000000000000000e+00,0.000000000000000000e+00,0.000000000000000000e+00,0.000000000000000000e+00,0.000000000000000000e+00,0.000000000000000000e+00,0.000000000000000000e+00,0.000000000000000000e+00,0.000000000000000000e+00,0.000000000000000000e+00,0.000000000000000000e+00,0.000000000000000000e+00,0.000000000000000000e+00,0.000000000000000000e+00,0.000000000000000000e+00,0.000000000000000000e+00,0.000000000000000000e+00,0.000000000000000000e+00,0.000000000000000000e+00,0.000000000000000000e+00,0.000000000000000000e+00,0.000000000000000000e+00,0.000000000000000000e+00,0.000000000000000000e+00,0.000000000000000000e+00,0.000000000000000000e+00,0.000000000000000000e+00,0.000000000000000000e+00,0.000000000000000000e+00,0.000000000000000000e+00,0.000000000000000000e+00,0.000000000000000000e+00,0.000000000000000000e+00,0.000000000000000000e+00,0.000000000000000000e+00,0.000000000000000000e+00,0.000000000000000000e+00
7.985363483428955078e+00,5.172465324401855469e+00,6.268765449523925781e+00,4.014906406402587891e+00,7.299370288848876953e+00,1.000706100463867188e+01,1.275727844238281250e+01,1.483312034606933594e+01,1.450749588012695312e+01,2.146724128723144531e+01,6.319695472717285156e+00,6.905052661895751953e-01,1.035893440246582031e+01,2.223006820678710938e+01,8.294201850891113281e+00,-4.216784238815307617e-02,7.760942459106445312e+00,6.187117576599121094e+00,-1.286190414428710938e+01,-2.942372703552246094e+01,-2.558568954467773438e+01,-1.119817256927490234e+01,-9.277005195617675781e-01,9.230552673339843750e+00,2.133422851562500000e+01,3.108255004882812500e+01,3.562445449829101562e+01,2.979383850097656250e+01,2.828667259216308594e+01,2.732394790649414062e+01,2.004757690429687500e+01,1.540299224853515625e+01,1.768283653259277344e+01,1.428921413421630859e+01,1.317263793945312500e+01,1.689549446105957031e+01,2.274218368530273438e+01,1.776480293273925781e+01,-2.945331335067749023e-01,-1.034738540649414062e+00,2.024711799621582031e+01,2.009122085571289062e+01,1.436980247497558594e+01,3.586839199066162109e+00,1.262065315246582031e+01,8.098091125488281250e+00,8.684482574462890625e-01,-3.036348342895507812e+00,-1.257381439208984375e+01,-2.632470130920410156e+01,-4.287156677246093750e+01,-3.490778350830078125e+01,-2.417219161987304688e+01,-2.556078720092773438e+01,-2.469753646850585938e+01,-1.692447090148925781e+01,-1.438979911804199219e+01,-1.407392311096191406e+01,-1.172894477844238281e+01,-8.303686141967773438e+00,-5.010403633117675781e+00,-1.470517396926879883e+00,1.019153118133544922e+01,1.458393096923828125e+01,1.491583633422851562e+01,2.045524215698242188e+01,2.025267410278320312e+01,1.658201980590820312e+01,1.665735816955566406e+01,1.239814376831054688e+01,1.433753490447998047e+01,2.058915710449218750e+01,1.217794036865234375e+01,9.542494773864746094e+00,1.031459045410156250e+01,7.000425338745117188e+00,4.404271125793457031e+00,1.526683807373046875e+00,-1.603359937667846680e+00,-1.301858186721801758e+00,2.935014486312866211e+00,4.504374504089355469e+00,7.238293647766113281e+00,7.933967113494873047e+00,5.661252021789550781e+00,5.825901985168457031e+00,8.792566299438476562e+00,1.094868946075439453e+01,4.828574180603027344e+00,0.000000000000000000e+00,0.000000000000000000e+00,0.000000000000000000e+00,0.000000000000000000e+00,0.000000000000000000e+00,0.000000000000000000e+00,0.000000000000000000e+00,0.000000000000000000e+00,0.000000000000000000e+00,0.000000000000000000e+00,0.000000000000000000e+00,0.000000000000000000e+00,0.000000000000000000e+00,0.000000000000000000e+00,0.000000000000000000e+00,0.000000000000000000e+00,0.000000000000000000e+00,0.000000000000000000e+00,0.000000000000000000e+00,0.000000000000000000e+00,0.000000000000000000e+00,0.000000000000000000e+00,0.000000000000000000e+00,0.000000000000000000e+00,0.000000000000000000e+00,0.000000000000000000e+00,0.000000000000000000e+00,0.000000000000000000e+00,0.000000000000000000e+00,0.000000000000000000e+00,0.000000000000000000e+00,0.000000000000000000e+00,0.000000000000000000e+00,0.000000000000000000e+00,0.000000000000000000e+00,0.000000000000000000e+00,0.000000000000000000e+00,0.000000000000000000e+00,0.000000000000000000e+00,0.000000000000000000e+00,0.000000000000000000e+00,0.000000000000000000e+00,0.000000000000000000e+00,0.000000000000000000e+00,0.000000000000000000e+00,0.000000000000000000e+00,0.000000000000000000e+00,0.000000000000000000e+00,0.000000000000000000e+00,0.000000000000000000e+00,0.000000000000000000e+00,0.000000000000000000e+00,0.000000000000000000e+00,0.000000000000000000e+00,0.000000000000000000e+00,0.000000000000000000e+00,0.000000000000000000e+00,0.000000000000000000e+00,0.000000000000000000e+00,0.000000000000000000e+00,0.000000000000000000e+00,0.000000000000000000e+00,0.000000000000000000e+00,0.000000000000000000e+00,0.000000000000000000e+00,0.000000000000000000e+00,0.000000000000000000e+00,0.000000000000000000e+00
3.474192380905151367e+00,2.707455873489379883e+00,5.470919609069824219e+00,3.364602088928222656e+00,5.279956817626953125e+00,8.901426315307617188e+00,7.400910377502441406e+00,7.787845134735107422e+00,9.629478454589843750e+00,1.679765892028808594e+01,-2.645555973052978516e+00,-9.586425781250000000e+00,4.002913534641265869e-01,-9.599610328674316406e+00,-2.821636199951171875e+01,-3.742234420776367188e+01,-9.564517974853515625e+00,-1.757358789443969727e+00,-3.868148803710937500e+00,-4.629730880260467529e-01,-1.847346425056457520e+00,-8.806438446044921875e+00,-1.568868255615234375e+01,-1.795173263549804688e+01,-1.208946418762207031e+01,2.455021619796752930e+00,1.607928276062011719e+01,2.041200256347656250e+01,2.076771926879882812e+01,1.411105537414550781e+01,9.444141387939453125e+00,9.384490966796875000e+00,1.323768424987792969e+01,1.074774360656738281e+01,1.089324951171875000e+01,1.288518047332763672e+01,1.069927406311035156e+01,7.893349170684814453e+00,-3.892669439315795898e+00,2.087791919708251953e+00,1.201390457153320312e+01,-1.015272331237792969e+01,-2.654431724548339844e+01,-1.193772411346435547e+01,1.788719558715820312e+01,1.689195251464843750e+01,8.191860198974609375e+00,5.198334217071533203e+00,1.156546783447265625e+01,1.163442039489746094e+01,-1.352243995666503906e+01,-2.597279930114746094e+01,-2.210197067260742188e+01,-1.869451332092285156e+01,-9.124279022216796875e+00,7.260862350463867188e+00,1.198596000671386719e+01,1.138006782531738281e+01,1.000229644775390625e+01,9.662364006042480469e+00,1.279613304138183594e+01,1.698669815063476562e+01,1.910221862792968750e+01,2.319347000122070312e+01,1.734239578247070312e+01,1.667334365844726562e+01,1.426642990112304688e+01,1.291438102722167969e+01,1.130442237854003906e+01,8.692598342895507812e+00,1.029805541038513184e+00,-1.092629671096801758e+00,2.766384840011596680e+00,8.868245124816894531e+00,1.049344921112060547e+01,7.393387794494628906e+00,4.595535278320312500e+00,2.690154790878295898e+00,1.964480757713317871e+00,4.463853836059570312e+00,2.051558732986450195e+00,-4.668877124786376953e-01,1.881025791168212891e+00,4.154756665229797363e-01,-1.283722877502441406e+00,4.759283065795898438e+00,7.218517780303955078e+00,5.257017612457275391e+00,3.820732355117797852e+00,0.000000000000000000e+00,0.000000000000000000e+00,0.000000000000000000e+00,0.000000000000000000e+00,0.000000000000000000e+00,0.000000000000000000e+00,0.000000000000000000e+00,0.000000000000000000e+00,0.000000000000000000e+00,0.000000000000000000e+00,0.000000000000000000e+00,0.000000000000000000e+00,0.000000000000000000e+00,0.000000000000000000e+00,0.000000000000000000e+00,0.000000000000000000e+00,0.000000000000000000e+00,0.000000000000000000e+00,0.000000000000000000e+00,0.000000000000000000e+00,0.000000000000000000e+00,0.000000000000000000e+00,0.000000000000000000e+00,0.000000000000000000e+00,0.000000000000000000e+00,0.000000000000000000e+00,0.000000000000000000e+00,0.000000000000000000e+00,0.000000000000000000e+00,0.000000000000000000e+00,0.000000000000000000e+00,0.000000000000000000e+00,0.000000000000000000e+00,0.000000000000000000e+00,0.000000000000000000e+00,0.000000000000000000e+00,0.000000000000000000e+00,0.000000000000000000e+00,0.000000000000000000e+00,0.000000000000000000e+00,0.000000000000000000e+00,0.000000000000000000e+00,0.000000000000000000e+00,0.000000000000000000e+00,0.000000000000000000e+00,0.000000000000000000e+00,0.000000000000000000e+00,0.000000000000000000e+00,0.000000000000000000e+00,0.000000000000000000e+00,0.000000000000000000e+00,0.000000000000000000e+00,0.000000000000000000e+00,0.000000000000000000e+00,0.000000000000000000e+00,0.000000000000000000e+00,0.000000000000000000e+00,0.000000000000000000e+00,0.000000000000000000e+00,0.000000000000000000e+00,0.000000000000000000e+00,0.000000000000000000e+00,0.000000000000000000e+00,0.000000000000000000e+00,0.000000000000000000e+00,0.000000000000000000e+00,0.000000000000000000e+00,0.000000000000000000e+00
6.649865508079528809e-01,1.581424951553344727e+00,3.408770084381103516e+00,4.380894660949707031e+00,5.078293800354003906e+00,9.969101905822753906e+00,7.177832126617431641e+00,7.204937934875488281e+00,9.015849113464355469e+00,4.231952190399169922e+00,-3.782008647918701172e+00,-5.580752849578857422e+00,-1.097167015075683594e+01,-2.375039291381835938e+01,-2.993822860717773438e+01,-2.105683135986328125e+01,-1.406176757812500000e+01,1.006437242031097412e-01,-1.625437259674072266e+00,-1.642912626266479492e+00,4.332756042480468750e+00,9.014166831970214844e+00,-4.535282135009765625e+00,-9.931241989135742188e+00,-6.389994621276855469e+00,-7.138707041740417480e-01,1.324377536773681641e+00,3.002335071563720703e+00,8.708053588867187500e+00,2.577980518341064453e+00,2.230216979980468750e+00,1.052003002166748047e+01,1.479288101196289062e+01,1.143633270263671875e+01,1.168395042419433594e+01,1.059458732604980469e+01,6.320116996765136719e+00,1.393242239952087402e+00,-3.708857536315917969e+00,-1.619592428207397461e+00,-8.582536697387695312e+00,-2.028110885620117188e+01,-1.838815116882324219e+01,-4.402612209320068359e+00,2.328930664062500000e+01,1.790253067016601562e+01,1.120270729064941406e+01,1.362654018402099609e+01,1.314075851440429688e+01,8.886094093322753906e+00,-4.287853240966796875e+00,-9.404749870300292969e+00,-1.439361476898193359e+01,-2.813220500946044922e+00,7.938906192779541016e+00,1.060117912292480469e+01,9.942706108093261719e+00,6.045179843902587891e+00,3.421136856079101562e+00,2.464287042617797852e+00,3.140965700149536133e-01,2.919245481491088867e+00,1.020098686218261719e+01,1.057033729553222656e+01,8.698724746704101562e+00,8.119418144226074219e+00,7.954846858978271484e+00,1.072073745727539062e+01,1.353586769104003906e+01,1.085310554504394531e+01,3.666596412658691406e+00,6.140429019927978516e+00,7.035673618316650391e+00,1.294830513000488281e+01,1.303833198547363281e+01,1.150390148162841797e+01,9.021087646484375000e+00,6.776899814605712891e+00,6.296320438385009766e+00,7.620663166046142578e+00,4.543889999389648438e+00,5.309504508972167969e+00,7.637852668762207031e+00,2.054104566574096680e+00,-4.726921081542968750e+00,-4.344871044158935547e+00,-1.923602342605590820e+00,-1.520882844924926758e-01,3.006527185440063477e+00,0.000000000000000000e+00,0.000000000000000000e+00,0.000000000000000000e+00,0.000000000000000000e+00,0.000000000000000000e+00,0.000000000000000000e+00,0.000000000000000000e+00,0.000000000000000000e+00,0.000000000000000000e+00,0.000000000000000000e+00,0.000000000000000000e+00,0.000000000000000000e+00,0.000000000000000000e+00,0.000000000000000000e+00,0.000000000000000000e+00,0.000000000000000000e+00,0.000000000000000000e+00,0.000000000000000000e+00,0.000000000000000000e+00,0.000000000000000000e+00,0.000000000000000000e+00,0.000000000000000000e+00,0.000000000000000000e+00,0.000000000000000000e+00,0.000000000000000000e+00,0.000000000000000000e+00,0.000000000000000000e+00,0.000000000000000000e+00,0.000000000000000000e+00,0.000000000000000000e+00,0.000000000000000000e+00,0.000000000000000000e+00,0.000000000000000000e+00,0.000000000000000000e+00,0.000000000000000000e+00,0.000000000000000000e+00,0.000000000000000000e+00,0.000000000000000000e+00,0.000000000000000000e+00,0.000000000000000000e+00,0.000000000000000000e+00,0.000000000000000000e+00,0.000000000000000000e+00,0.000000000000000000e+00,0.000000000000000000e+00,0.000000000000000000e+00,0.000000000000000000e+00,0.000000000000000000e+00,0.000000000000000000e+00,0.000000000000000000e+00,0.000000000000000000e+00,0.000000000000000000e+00,0.000000000000000000e+00,0.000000000000000000e+00,0.000000000000000000e+00,0.000000000000000000e+00,0.000000000000000000e+00,0.000000000000000000e+00,0.000000000000000000e+00,0.000000000000000000e+00,0.000000000000000000e+00,0.000000000000000000e+00,0.000000000000000000e+00,0.000000000000000000e+00,0.000000000000000000e+00,0.000000000000000000e+00,0.000000000000000000e+00,0.000000000000000000e+00
6.692490577697753906e+00,4.762832641601562500e+00,4.791284561157226562e+00,8.978694915771484375e+00,9.178263664245605469e+00,1.185520076751708984e+01,8.701308250427246094e+00,1.093736648559570312e+01,1.630813980102539062e+01,1.257359027862548828e+01,1.153822326660156250e+01,1.325208950042724609e+01,-2.761078357696533203e+00,-1.275418281555175781e+01,-1.436423683166503906e+01,-5.020540714263916016e+00,9.955093264579772949e-01,7.172464370727539062e+00,4.356454849243164062e+00,7.241112232208251953e+00,1.426283645629882812e+01,1.622564506530761719e+01,1.062735176086425781e+01,1.662725639343261719e+01,1.379310798645019531e+01,9.127427101135253906e+00,8.472190856933593750e+00,2.051469802856445312e+00,5.307200431823730469e+00,1.184239387512207031e+01,1.402559471130371094e+01,1.351311111450195312e+01,1.638686752319335938e+01,1.347365760803222656e+01,1.416381359100341797e+01,1.539279651641845703e+01,1.582431316375732422e+01,1.386595344543457031e+01,1.232763481140136719e+01,1.190823936462402344e+01,1.752032399177551270e+00,2.262413501739501953e-02,3.219682455062866211e+00,1.771300315856933594e+01,9.800357818603515625e+00,7.035940170288085938e+00,5.857684135437011719e+00,7.855080366134643555e-01,1.455034464597702026e-01,-9.996750354766845703e-01,-7.731050491333007812e+00,-9.815553665161132812e+00,1.025902462005615234e+01,1.062279415130615234e+01,9.184052467346191406e+00,-3.762985706329345703e+00,-3.557589769363403320e+00,-4.959992885589599609e+00,-6.007055282592773438e+00,-3.165108203887939453e+00,-2.364450544118881226e-01,3.520823478698730469e+00,1.184870529174804688e+01,1.276815223693847656e+01,9.223466873168945312e+00,5.349023818969726562e+00,3.218826770782470703e+00,4.600599765777587891e+00,1.151327323913574219e+01,1.049997711181640625e+01,9.499521255493164062e+00,1.310133934020996094e+01,1.405041122436523438e+01,1.360915374755859375e+01,1.325892066955566406e+01,1.422392845153808594e+01,1.235357284545898438e+01,9.726581573486328125e+00,7.794910430908203125e+00,7.160423278808593750e+00,7.533964157104492188e+00,1.153262329101562500e+01,1.191192436218261719e+01,8.931033134460449219e+00,2.621636152267456055e+00,-3.912204980850219727e+00,-1.745618700981140137e+00,8.646614551544189453e-01,2.538249731063842773e+00,0.000000000000000000e+00,0.000000000000000000e+00,0.000000000000000000e+00,0.000000000000000000e+00,0.000000000000000000e+00,0.000000000000000000e+00,0.000000000000000000e+00,0.000000000000000000e+00,0.000000000000000000e+00,0.000000000000000000e+00,0.000000000000000000e+00,0.000000000000000000e+00,0.000000000000000000e+00,0.000000000000000000e+00,0.000000000000000000e+00,0.000000000000000000e+00,0.000000000000000000e+00,0.000000000000000000e+00,0.000000000000000000e+00,0.000000000000000000e+00,0.000000000000000000e+00,0.000000000000000000e+00,0.000000000000000000e+00,0.000000000000000000e+00,0.000000000000000000e+00,0.000000000000000000e+00,0.000000000000000000e+00,0.000000000000000000e+00,0.000000000000000000e+00,0.000000000000000000e+00,0.000000000000000000e+00,0.000000000000000000e+00,0.000000000000000000e+00,0.000000000000000000e+00,0.000000000000000000e+00,0.000000000000000000e+00,0.000000000000000000e+00,0.000000000000000000e+00,0.000000000000000000e+00,0.000000000000000000e+00,0.000000000000000000e+00,0.000000000000000000e+00,0.000000000000000000e+00,0.000000000000000000e+00,0.000000000000000000e+00,0.000000000000000000e+00,0.000000000000000000e+00,0.000000000000000000e+00,0.000000000000000000e+00,0.000000000000000000e+00,0.000000000000000000e+00,0.000000000000000000e+00,0.000000000000000000e+00,0.000000000000000000e+00,0.000000000000000000e+00,0.000000000000000000e+00,0.000000000000000000e+00,0.000000000000000000e+00,0.000000000000000000e+00,0.000000000000000000e+00,0.000000000000000000e+00,0.000000000000000000e+00,0.000000000000000000e+00,0.000000000000000000e+00,0.000000000000000000e+00,0.000000000000000000e+00,0.000000000000000000e+00,0.000000000000000000e+00
5.451383590698242188e+00,1.173917055130004883e+00,2.759997129440307617e+00,7.384504318237304688e+00,1.002975654602050781e+01,9.710935592651367188e+00,5.427635192871093750e+00,8.757291793823242188e+00,1.258857440948486328e+01,2.621916770935058594e+00,6.620314121246337891e-01,-7.318223953247070312e+00,-9.964363098144531250e+00,-3.856444597244262695e+00,-7.493907928466796875e+00,-1.965800285339355469e+00,5.579422712326049805e-01,-3.271767139434814453e+00,-1.369809722900390625e+01,-1.415979957580566406e+01,-1.667950439453125000e+01,-1.631881713867187500e+01,-2.081390762329101562e+01,-1.256318283081054688e+01,-7.937375068664550781e+00,-1.262298488616943359e+01,-1.630655479431152344e+01,-1.499237632751464844e+01,-1.516242218017578125e+01,-8.575308322906494141e-02,8.097509384155273438e+00,7.938727378845214844e+00,1.031461524963378906e+01,1.025897789001464844e+01,4.959642410278320312e+00,-1.351723670959472656e+00,-6.098341464996337891e+00,-3.537826299667358398e+00,-1.242643165588378906e+01,-2.374585151672363281e+01,-1.466000747680664062e+01,-4.281544685363769531e+00,3.999917507171630859e+00,3.913718700408935547e+00,-1.642923164367675781e+01,-9.297215461730957031e+00,-1.474249458312988281e+01,-2.047257614135742188e+01,-1.942757225036621094e+01,-1.439398193359375000e+01,-5.977978706359863281e+00,-2.644586086273193359e+00,2.518692016601562500e+00,4.976095199584960938e+00,-1.530427336692810059e+00,-1.818912124633789062e+01,-2.073896598815917969e+01,-2.199910354614257812e+01,-2.280007934570312500e+01,-2.286859321594238281e+01,-1.988936424255371094e+01,-1.583343791961669922e+01,-1.631862640380859375e+01,-6.549196243286132812e+00,7.718519210815429688e+00,5.499194145202636719e+00,5.784225463867187500e-01,-6.845888495445251465e-01,2.711675167083740234e+00,3.768074512481689453e+00,9.023162841796875000e+00,1.107815361022949219e+01,1.323960494995117188e+01,9.794124603271484375e+00,1.038840675354003906e+01,1.200787734985351562e+01,1.043952369689941406e+01,8.234206199645996094e+00,7.145680904388427734e+00,7.132009983062744141e+00,8.392467498779296875e+00,8.251230239868164062e+00,4.106972217559814453e+00,6.139781951904296875e+00,8.583468437194824219e+00,6.964265823364257812e+00,7.898324966430664062e+00,4.136686325073242188e+00,2.123898983001708984e+00,0.000000000000000000e+00,0.000000000000000000e+00,0.000000000000000000e+00,0.000000000000000000e+00,0.000000000000000000e+00,0.000000000000000000e+00,0.000000000000000000e+00,0.000000000000000000e+00,0.000000000000000000e+00,0.000000000000000000e+00,0.000000000000000000e+00,0.000000000000000000e+00,0.000000000000000000e+00,0.000000000000000000e+00,0.000000000000000000e+00,0.000000000000000000e+00,0.000000000000000000e+00,0.000000000000000000e+00,0.000000000000000000e+00,0.000000000000000000e+00,0.000000000000000000e+00,0.000000000000000000e+00,0.000000000000000000e+00,0.000000000000000000e+00,0.000000000000000000e+00,0.000000000000000000e+00,0.000000000000000000e+00,0.000000000000000000e+00,0.000000000000000000e+00,0.000000000000000000e+00,0.000000000000000000e+00,0.000000000000000000e+00,0.000000000000000000e+00,0.000000000000000000e+00,0.000000000000000000e+00,0.000000000000000000e+00,0.000000000000000000e+00,0.000000000000000000e+00,0.000000000000000000e+00,0.000000000000000000e+00,0.000000000000000000e+00,0.000000000000000000e+00,0.000000000000000000e+00,0.000000000000000000e+00,0.000000000000000000e+00,0.000000000000000000e+00,0.000000000000000000e+00,0.000000000000000000e+00,0.000000000000000000e+00,0.000000000000000000e+00,0.000000000000000000e+00,0.000000000000000000e+00,0.000000000000000000e+00,0.000000000000000000e+00,0.000000000000000000e+00,0.000000000000000000e+00,0.000000000000000000e+00,0.000000000000000000e+00,0.000000000000000000e+00,0.000000000000000000e+00,0.000000000000000000e+00,0.000000000000000000e+00,0.000000000000000000e+00,0.000000000000000000e+00,0.000000000000000000e+00,0.000000000000000000e+00,0.000000000000000000e+00,0.000000000000000000e+00
-1.878466367721557617e+00,-6.136049032211303711e-01,4.587811231613159180e-02,1.554446220397949219e+00,6.695544242858886719e+00,6.952490806579589844e+00,3.145707607269287109e+00,4.767470359802246094e+00,4.076409339904785156e+00,-1.569097232818603516e+01,-1.916205024719238281e+01,-3.887140035629272461e+00,7.257635116577148438e+00,1.724816894531250000e+01,1.612216567993164062e+01,6.021173000335693359e+00,-5.026341438293457031e+00,8.312767028808593750e+00,1.307815933227539062e+01,6.818754196166992188e+00,5.241101264953613281e+00,2.604869365692138672e+00,-2.637084245681762695e+00,6.293883323669433594e+00,2.405750513076782227e+00,-1.722674942016601562e+01,-2.944269943237304688e+01,-3.574123764038085938e+01,-2.590225982666015625e+01,-1.157982921600341797e+01,-2.221074819564819336e+00,1.309387683868408203e+00,3.510388135910034180e+00,5.120795249938964844e+00,-1.723381400108337402e+00,-1.320008850097656250e+01,-1.748315048217773438e+01,-2.112480545043945312e+01,-7.971585273742675781e+00,4.033479213714599609e+00,1.714864540100097656e+01,1.518260383605957031e+01,9.501885414123535156e+00,6.382148742675781250e+00,6.241679191589355469e+00,-4.290371894836425781e+00,-5.792579174041748047e+00,-2.693389415740966797e+00,2.792924880981445312e+00,2.382064342498779297e+00,3.855194091796875000e+00,3.515248537063598633e+00,4.629413604736328125e+00,5.713309288024902344e+00,3.779853105545043945e+00,-6.962625503540039062e+00,-6.688925743103027344e+00,-7.844264507293701172e+00,-6.767104148864746094e+00,-5.998585700988769531e+00,-8.449398040771484375e+00,-7.829130172729492188e+00,-1.333718681335449219e+01,-6.248652458190917969e+00,6.183111190795898438e+00,2.128267288208007812e+00,1.840522289276123047e-01,1.037436008453369141e+00,-1.610555171966552734e+00,-7.629312574863433838e-02,6.326452732086181641e+00,9.590761184692382812e+00,8.927198410034179688e+00,7.668719768524169922e+00,8.766474723815917969e+00,9.288763999938964844e+00,6.625797271728515625e+00,4.551314353942871094e+00,5.777330398559570312e+00,7.742597103118896484e+00,6.598785400390625000e+00,-2.265489101409912109e-01,-5.722177982330322266e+00,-3.071794509887695312e+00,3.970041751861572266e+00,6.466574668884277344e+00,4.546792984008789062e+00,4.749503433704376221e-01,1.440351486206054688e+00,0.000000000000000000e+00,0.000000000000000000e+00,0.000000000000000000e+00,0.000000000000000000e+00,0.000000000000000000e+00,0.000000000000000000e+00,0.000000000000000000e+00,0.000000000000000000e+00,0.000000000000000000e+00,0.000000000000000000e+00,0.000000000000000000e+00,0.000000000000000000e+00,0.000000000000000000e+00,0.000000000000000000e+00,0.000000000000000000e+00,0.000000000000000000e+00,0.000000000000000000e+00,0.000000000000000000e+00,0.000000000000000000e+00,0.000000000000000000e+00,0.000000000000000000e+00,0.000000000000000000e+00,0.000000000000000000e+00,0.000000000000000000e+00,0.000000000000000000e+00,0.000000000000000000e+00,0.000000000000000000e+00,0.000000000000000000e+00,0.000000000000000000e+00,0.000000000000000000e+00,0.000000000000000000e+00,0.000000000000000000e+00,0.000000000000000000e+00,0.000000000000000000e+00,0.000000000000000000e+00,0.000000000000000000e+00,0.000000000000000000e+00,0.000000000000000000e+00,0.000000000000000000e+00,0.000000000000000000e+00,0.000000000000000000e+00,0.000000000000000000e+00,0.000000000000000000e+00,0.000000000000000000e+00,0.000000000000000000e+00,0.000000000000000000e+00,0.000000000000000000e+00,0.000000000000000000e+00,0.000000000000000000e+00,0.000000000000000000e+00,0.000000000000000000e+00,0.000000000000000000e+00,0.000000000000000000e+00,0.000000000000000000e+00,0.000000000000000000e+00,0.000000000000000000e+00,0.000000000000000000e+00,0.000000000000000000e+00,0.000000000000000000e+00,0.000000000000000000e+00,0.000000000000000000e+00,0.000000000000000000e+00,0.000000000000000000e+00,0.000000000000000000e+00,0.000000000000000000e+00,0.000000000000000000e+00,0.000000000000000000e+00,0.000000000000000000e+00
-1.645730853080749512e+00,3.624687194824218750e+00,1.453603982925415039e+00,4.742998480796813965e-01,3.945435523986816406e+00,6.609618186950683594e+00,4.349017620086669922e+00,4.297406196594238281e+00,5.523529052734375000e+00,-5.545679092407226562e+00,-6.073240280151367188e+00,-2.325527191162109375e+01,-2.076275825500488281e+01,-2.113240814208984375e+01,-1.842891502380371094e+01,-1.532875251770019531e+01,-3.383780479431152344e+00,-1.086975336074829102e+00,1.129624247550964355e+00,1.306257724761962891e+00,-1.091660881042480469e+01,-2.682051086425781250e+01,-3.857266235351562500e+01,-3.713407135009765625e+01,-2.557508087158203125e+01,-1.114680671691894531e+01,-9.870368957519531250e+00,-1.030179977416992188e+01,-4.038061141967773438e+00,1.878276348114013672e+00,7.250474929809570312e+00,3.983651399612426758e+00,3.383489608764648438e+00,2.948735475540161133e+00,2.339972972869873047e+00,2.411238193511962891e+00,7.185078620910644531e+00,-1.563667774200439453e+00,-1.717366409301757812e+01,-2.674457168579101562e+01,-1.924558258056640625e+01,-1.385037803649902344e+01,-1.157006835937500000e+01,-7.636466026306152344e-01,-2.587995529174804688e-01,-1.439752197265625000e+01,-2.491487503051757812e+01,-3.217418670654296875e+01,-3.290339660644531250e+01,-3.003022003173828125e+01,-2.270698928833007812e+01,-1.784425163269042969e+01,-2.573303794860839844e+01,-2.951963424682617188e+01,-3.096320915222167969e+01,-3.526101684570312500e+01,-3.538248443603515625e+01,-3.435820770263671875e+01,-3.475391769409179688e+01,-3.447394943237304688e+01,-3.110845947265625000e+01,-2.384278869628906250e+01,-1.567162990570068359e+01,-1.076881217956542969e+01,-1.971387147903442383e+00,2.253705978393554688e+00,2.985337972640991211e+00,4.494941711425781250e+00,1.748661994934082031e+00,3.329740524291992188e+00,2.261790513992309570e+00,1.671468257904052734e+00,5.357328414916992188e+00,7.968364715576171875e+00,8.936761856079101562e+00,8.265583992004394531e+00,4.165640830993652344e+00,7.280758619308471680e-01,1.578904390335083008e+00,5.185029983520507812e+00,2.666105747222900391e+00,-5.349460124969482422e+00,-6.403117656707763672e+00,-4.667721271514892578e+00,-2.321031332015991211e+00,-4.873718261718750000e+00,-8.362764358520507812e+00,-6.059528827667236328e+00,5.836745500564575195e-01,0.000000000000000000e+00,0.000000000000000000e+00,0.000000000000000000e+00,0.000000000000000000e+00,0.000000000000000000e+00,0.000000000000000000e+00,0.000000000000000000e+00,0.000000000000000000e+00,0.000000000000000000e+00,0.000000000000000000e+00,0.000000000000000000e+00,0.000000000000000000e+00,0.000000000000000000e+00,0.000000000000000000e+00,0.000000000000000000e+00,0.000000000000000000e+00,0.000000000000000000e+00,0.000000000000000000e+00,0.000000000000000000e+00,0.000000000000000000e+00,0.000000000000000000e+00,0.000000000000000000e+00,0.000000000000000000e+00,0.000000000000000000e+00,0.000000000000000000e+00,0.000000000000000000e+00,0.000000000000000000e+00,0.000000000000000000e+00,0.000000000000000000e+00,0.000000000000000000e+00,0.000000000000000000e+00,0.000000000000000000e+00,0.000000000000000000e+00,0.000000000000000000e+00,0.000000000000000000e+00,0.000000000000000000e+00,0.000000000000000000e+00,0.000000000000000000e+00,0.000000000000000000e+00,0.000000000000000000e+00,0.000000000000000000e+00,0.000000000000000000e+00,0.000000000000000000e+00,0.000000000000000000e+00,0.000000000000000000e+00,0.000000000000000000e+00,0.000000000000000000e+00,0.000000000000000000e+00,0.000000000000000000e+00,0.000000000000000000e+00,0.000000000000000000e+00,0.000000000000000000e+00,0.000000000000000000e+00,0.000000000000000000e+00,0.000000000000000000e+00,0.000000000000000000e+00,0.000000000000000000e+00,0.000000000000000000e+00,0.000000000000000000e+00,0.000000000000000000e+00,0.000000000000000000e+00,0.000000000000000000e+00,0.000000000000000000e+00,0.000000000000000000e+00,0.000000000000000000e+00,0.000000000000000000e+00,0.000000000000000000e+00,0.000000000000000000e+00
