-1.831249694824218750e+02,-1.548856658935546875e+02,-1.443440399169921875e+02,-1.272969970703125000e+02,-1.063037948608398438e+02,-2.009203529357910156e+01,1.212992172241210938e+02,2.329041595458984375e+02,2.735770263671875000e+02,2.571587829589843750e+02,1.855364379882812500e+02,1.165251464843750000e+02,1.069111938476562500e+02,9.713417816162109375e+01,8.662300872802734375e+01,1.539723663330078125e+02,2.373438568115234375e+02,2.672456054687500000e+02,2.450763092041015625e+02,1.906265869140625000e+02,1.304402465820312500e+02,8.220375823974609375e+01,3.562630844116210938e+01,-1.677693843841552734e+00,-4.871775817871093750e+01,-1.022424926757812500e+02,-1.183026351928710938e+02,-1.215868759155273438e+02,-1.304517211914062500e+02,-1.415232086181640625e+02,-1.445496826171875000e+02,-1.423081512451171875e+02,-1.461965637207031250e+02,-1.466934967041015625e+02,-1.489125061035156250e+02,-1.502056427001953125e+02,-1.557655181884765625e+02,-1.589621276855468750e+02,-1.604166107177734375e+02,-1.902057647705078125e+02,-2.978213195800781250e+02,-3.459522399902343750e+02,-3.459522399902343750e+02,-3.459522399902343750e+02,-3.459522399902343750e+02,-3.459522399902343750e+02,-3.459522399902343750e+02,-3.459522399902343750e+02,-3.459522399902343750e+02,-3.459522399902343750e+02,-3.459522399902343750e+02,-3.459522399902343750e+02,-3.459522399902343750e+02,-3.459522399902343750e+02,-3.459522399902343750e+02,-3.459522399902343750e+02,-3.459522399902343750e+02,-3.459522399902343750e+02,-3.459522399902343750e+02,-3.459522399902343750e+02,-3.459522399902343750e+02,-3.459522399902343750e+02,-3.459522399902343750e+02,-3.459522399902343750e+02,-3.459522399902343750e+02,-3.459522399902343750e+02,-3.459522399902343750e+02,-3.459522399902343750e+02,-3.459522399902343750e+02,-3.459522399902343750e+02,-3.459522399902343750e+02,-3.459522399902343750e+02,-3.459522399902343750e+02,-3.459522399902343750e+02,-3.459522399902343750e+02,-3.459522399902343750e+02,-3.459522399902343750e+02,-3.459522399902343750e+02,-3.459522399902343750e+02,-3.459522399902343750e+02,-3.459522399902343750e+02,-3.459522399902343750e+02,-3.459522399902343750e+02,-3.459522399902343750e+02,-3.459522399902343750e+02,-3.459522399902343750e+02,-3.459522399902343750e+02,-3.459522399902343750e+02,-3.459522399902343750e+02,-3.459522399902343750e+02,-3.459522399902343750e+02,-3.459522399902343750e+02,-3.459522399902343750e+02,-3.459522399902343750e+02,-3.459522399902343750e+02,-3.459522399902343750e+02,-3.459522399902343750e+02,-3.459522399902343750e+02,-3.459522399902343750e+02,-3.459522399902343750e+02,-3.459522399902343750e+02,-3.459522399902343750e+02,-3.459522399902343750e+02,-3.459522399902343750e+02,-3.459522399902343750e+02,-3.459522399902343750e+02,-3.459522399902343750e+02,-3.459522399902343750e+02,-3.459522399902343750e+02,-3.459522399902343750e+02,-3.459522399902343750e+02,-3.459522399902343750e+02,-3.459522399902343750e+02,-3.459522399902343750e+02,-3.459522399902343750e+02,-3.459522399902343750e+02,-3.459522399902343750e+02,-3.459522399902343750e+02,-3.459522399902343750e+02,-3.459522399902343750e+02,-3.459522399902343750e+02,-3.459522399902343750e+02,-3.459522399902343750e+02,-3.459522399902343750e+02,-3.459522399902343750e+02,-3.459522399902343750e+02,-3.459522399902343750e+02,-3.459522399902343750e+02,-3.459522399902343750e+02,-3.459522399902343750e+02,-3.459522399902343750e+02,-3.459522399902343750e+02,-3.459522399902343750e+02,-3.459522399902343750e+02,-3.459522399902343750e+02,-3.459522399902343750e+02,-3.459522399902343750e+02,-3.459522399902343750e+02,-3.459522399902343750e+02,-3.459522399902343750e+02,-3.459522399902343750e+02,-3.459522399902343750e+02,-3.459522399902343750e+02,-3.459522399902343750e+02,-3.459522399902343750e+02,-3.459522399902343750e+02,-3.459522399902343750e+02,-3.459522399902343750e+02,-3.459522399902343750e+02,-3.459522399902343750e+02,-3.459522399902343750e+02,-3.459522399902343750e+02,-3.459522399902343750e+02,-3.459522399902343750e+02,-3.459522399902343750e+02,-3.459522399902343750e+02,-3.459522399902343750e+02
6.910338592529296875e+01,7.136289978027343750e+01,7.863292694091796875e+01,8.939799499511718750e+01,9.175633239746093750e+01,1.252736892700195312e+02,1.475880279541015625e+02,1.383787841796875000e+02,1.184673919677734375e+02,1.217822265625000000e+02,1.350350646972656250e+02,1.119818191528320312e+02,1.117177886962890625e+02,1.068613433837890625e+02,1.029928817749023438e+02,6.223539352416992188e+01,6.519984436035156250e+01,9.292864990234375000e+01,1.260300903320312500e+02,1.446492309570312500e+02,1.552621612548828125e+02,1.570643005371093750e+02,1.484944915771484375e+02,1.460639343261718750e+02,1.378388977050781250e+02,1.128078002929687500e+02,9.848838806152343750e+01,9.432411193847656250e+01,9.381367492675781250e+01,8.779531860351562500e+01,8.195609283447265625e+01,8.096148681640625000e+01,7.569728088378906250e+01,7.446779632568359375e+01,7.137118530273437500e+01,6.870232391357421875e+01,7.095832824707031250e+01,6.816080474853515625e+01,6.415044403076171875e+01,6.424953460693359375e+01,4.609480285644531250e+01,0.000000000000000000e+00,0.000000000000000000e+00,0.000000000000000000e+00,0.000000000000000000e+00,0.000000000000000000e+00,0.000000000000000000e+00,0.000000000000000000e+00,0.000000000000000000e+00,0.000000000000000000e+00,0.000000000000000000e+00,0.000000000000000000e+00,0.000000000000000000e+00,0.000000000000000000e+00,0.000000000000000000e+00,0.000000000000000000e+00,0.000000000000000000e+00,0.000000000000000000e+00,0.000000000000000000e+00,0.000000000000000000e+00,0.000000000000000000e+00,0.000000000000000000e+00,0.000000000000000000e+00,0.000000000000000000e+00,0.000000000000000000e+00,0.000000000000000000e+00,0.000000000000000000e+00,0.000000000000000000e+00,0.000000000000000000e+00,0.000000000000000000e+00,0.000000000000000000e+00,0.000000000000000000e+00,0.000000000000000000e+00,0.000000000000000000e+00,0.000000000000000000e+00,0.000000000000000000e+00,0.000000000000000000e+00,0.000000000000000000e+00,0.000000000000000000e+00,0.000000000000000000e+00,0.000000000000000000e+00,0.000000000000000000e+00,0.000000000000000000e+00,0.000000000000000000e+00,0.000000000000000000e+00,0.000000000000000000e+00,0.000000000000000000e+00,0.000000000000000000e+00,0.000000000000000000e+00,0.000000000000000000e+00,0.000000000000000000e+00,0.000000000000000000e+00,0.000000000000000000e+00,0.000000000000000000e+00,0.000000000000000000e+00,0.000000000000000000e+00,0.000000000000000000e+00,0.000000000000000000e+00,0.000000000000000000e+00,0.000000000000000000e+00,0.000000000000000000e+00,0.000000000000000000e+00,0.000000000000000000e+00,0.000000000000000000e+00,0.000000000000000000e+00,0.000000000000000000e+00,0.000000000000000000e+00,0.000000000000000000e+00,0.000000000000000000e+00,0.000000000000000000e+00,0.000000000000000000e+00,0.000000000000000000e+00,0.000000000000000000e+00,0.000000000000000000e+00,0.000000000000000000e+00,0.000000000000000000e+00,0.000000000000000000e+00,0.000000000000000000e+00,0.000000000000000000e+00,0.000000000000000000e+00,0.000000000000000000e+00,0.000000000000000000e+00,0.000000000000000000e+00,0.000000000000000000e+00,0.000000000000000000e+00,0.000000000000000000e+00,0.000000000000000000e+00,0.000000000000000000e+00,0.000000000000000000e+00,0.000000000000000000e+00,0.000000000000000000e+00,0.000000000000000000e+00,0.000000000000000000e+00,0.000000000000000000e+00,0.000000000000000000e+00,0.000000000000000000e+00,0.000000000000000000e+00,0.000000000000000000e+00,0.000000000000000000e+00,0.000000000000000000e+00,0.000000000000000000e+00,0.000000000000000000e+00,0.000000000000000000e+00,0.000000000000000000e+00,0.000000000000000000e+00,0.000000000000000000e+00,0.000000000000000000e+00,0.000000000000000000e+00,0.000000000000000000e+00,0.000000000000000000e+00,0.000000000000000000e+00,0.000000000000000000e+00,0.000000000000000000e+00,0.000000000000000000e+00,0.000000000000000000e+00,0.000000000000000000e+00,0.000000000000000000e+00
2.357675933837890625e+01,2.629137802124023438e+01,3.553810882568359375e+01,3.882760620117187500e+01,2.847244262695312500e+01,1.766485595703125000e+01,-3.478111648559570312e+01,-7.660661315917968750e+01,-9.247084045410156250e+01,-7.898880004882812500e+01,-5.695320892333984375e+01,-4.263626480102539062e+01,-3.354947280883789062e+01,-3.369036865234375000e+01,-3.161657333374023438e+01,-2.560736083984375000e+01,-5.743967819213867188e+01,-8.196720886230468750e+01,-7.637112426757812500e+01,-4.721210861206054688e+01,-9.614645004272460938e+00,1.039460945129394531e+01,2.521168899536132812e+01,3.741420364379882812e+01,5.528565979003906250e+01,5.217782592773437500e+01,4.073077011108398438e+01,3.623088836669921875e+01,4.143906402587890625e+01,3.971492004394531250e+01,3.536066436767578125e+01,3.574885177612304688e+01,3.330616760253906250e+01,3.633898544311523438e+01,3.600708389282226562e+01,3.283484268188476562e+01,2.693393707275390625e+01,2.736639022827148438e+01,3.027243041992187500e+01,2.738880920410156250e+01,2.461990165710449219e+01,0.000000000000000000e+00,0.000000000000000000e+00,0.000000000000000000e+00,0.000000000000000000e+00,0.000000000000000000e+00,0.000000000000000000e+00,0.000000000000000000e+00,0.000000000000000000e+00,0.000000000000000000e+00,0.000000000000000000e+00,0.000000000000000000e+00,0.000000000000000000e+00,0.000000000000000000e+00,0.000000000000000000e+00,0.000000000000000000e+00,0.000000000000000000e+00,0.000000000000000000e+00,0.000000000000000000e+00,0.000000000000000000e+00,0.000000000000000000e+00,0.000000000000000000e+00,0.000000000000000000e+00,0.000000000000000000e+00,0.000000000000000000e+00,0.000000000000000000e+00,0.000000000000000000e+00,0.000000000000000000e+00,0.000000000000000000e+00,0.000000000000000000e+00,0.000000000000000000e+00,0.000000000000000000e+00,0.000000000000000000e+00,0.000000000000000000e+00,0.000000000000000000e+00,0.000000000000000000e+00,0.000000000000000000e+00,0.000000000000000000e+00,0.000000000000000000e+00,0.000000000000000000e+00,0.000000000000000000e+00,0.000000000000000000e+00,0.000000000000000000e+00,0.000000000000000000e+00,0.000000000000000000e+00,0.000000000000000000e+00,0.000000000000000000e+00,0.000000000000000000e+00,0.000000000000000000e+00,0.000000000000000000e+00,0.000000000000000000e+00,0.000000000000000000e+00,0.000000000000000000e+00,0.000000000000000000e+00,0.000000000000000000e+00,0.000000000000000000e+00,0.000000000000000000e+00,0.000000000000000000e+00,0.000000000000000000e+00,0.000000000000000000e+00,0.000000000000000000e+00,0.000000000000000000e+00,0.000000000000000000e+00,0.000000000000000000e+00,0.000000000000000000e+00,0.000000000000000000e+00,0.000000000000000000e+00,0.000000000000000000e+00,0.000000000000000000e+00,0.000000000000000000e+00,0.000000000000000000e+00,0.000000000000000000e+00,0.000000000000000000e+00,0.000000000000000000e+00,0.000000000000000000e+00,0.000000000000000000e+00,0.000000000000000000e+00,0.000000000000000000e+00,0.000000000000000000e+00,0.000000000000000000e+00,0.000000000000000000e+00,0.000000000000000000e+00,0.000000000000000000e+00,0.000000000000000000e+00,0.000000000000000000e+00,0.000000000000000000e+00,0.000000000000000000e+00,0.000000000000000000e+00,0.000000000000000000e+00,0.000000000000000000e+00,0.000000000000000000e+00,0.000000000000000000e+00,0.000000000000000000e+00,0.000000000000000000e+00,0.000000000000000000e+00,0.000000000000000000e+00,0.000000000000000000e+00,0.000000000000000000e+00,0.000000000000000000e+00,0.000000000000000000e+00,0.000000000000000000e+00,0.000000000000000000e+00,0.000000000000000000e+00,0.000000000000000000e+00,0.000000000000000000e+00,0.000000000000000000e+00,0.000000000000000000e+00,0.000000000000000000e+00,0.000000000000000000e+00,0.000000000000000000e+00,0.000000000000000000e+00,0.000000000000000000e+00,0.000000000000000000e+00,0.000000000000000000e+00,0.000000000000000000e+00,0.000000000000000000e+00,0.000000000000000000e+00
3.431282424926757812e+01,3.599251937866210938e+01,4.449696350097656250e+01,4.857738494873046875e+01,5.354263305664062500e+01,8.112965393066406250e+01,8.630445098876953125e+01,6.666515350341796875e+01,4.437305450439453125e+01,4.177726364135742188e+01,5.775335693359375000e+01,7.796879577636718750e+01,7.901086425781250000e+01,8.406659698486328125e+01,8.428984069824218750e+01,1.188389587402343750e+02,1.006192550659179688e+02,6.637713623046875000e+01,3.633673095703125000e+01,3.085290145874023438e+01,4.586741638183593750e+01,5.098243713378906250e+01,5.662535095214843750e+01,5.591420745849609375e+01,5.322055816650390625e+01,4.598756408691406250e+01,4.103596496582031250e+01,3.716419982910156250e+01,3.691770172119140625e+01,3.514090728759765625e+01,3.730099868774414062e+01,4.286527252197265625e+01,3.971979522705078125e+01,3.984334564208984375e+01,4.443054962158203125e+01,4.144358062744140625e+01,3.291313934326171875e+01,2.880717086791992188e+01,3.524441528320312500e+01,3.595002365112304688e+01,1.945513916015625000e+01,0.000000000000000000e+00,0.000000000000000000e+00,0.000000000000000000e+00,0.000000000000000000e+00,0.000000000000000000e+00,0.000000000000000000e+00,0.000000000000000000e+00,0.000000000000000000e+00,0.000000000000000000e+00,0.000000000000000000e+00,0.000000000000000000e+00,0.000000000000000000e+00,0.000000000000000000e+00,0.000000000000000000e+00,0.000000000000000000e+00,0.000000000000000000e+00,0.000000000000000000e+00,0.000000000000000000e+00,0.000000000000000000e+00,0.000000000000000000e+00,0.000000000000000000e+00,0.000000000000000000e+00,0.000000000000000000e+00,0.000000000000000000e+00,0.000000000000000000e+00,0.000000000000000000e+00,0.000000000000000000e+00,0.000000000000000000e+00,0.000000000000000000e+00,0.000000000000000000e+00,0.000000000000000000e+00,0.000000000000000000e+00,0.000000000000000000e+00,0.000000000000000000e+00,0.000000000000000000e+00,0.000000000000000000e+00,0.000000000000000000e+00,0.000000000000000000e+00,0.000000000000000000e+00,0.000000000000000000e+00,0.000000000000000000e+00,0.000000000000000000e+00,0.000000000000000000e+00,0.000000000000000000e+00,0.000000000000000000e+00,0.000000000000000000e+00,0.000000000000000000e+00,0.000000000000000000e+00,0.000000000000000000e+00,0.000000000000000000e+00,0.000000000000000000e+00,0.000000000000000000e+00,0.000000000000000000e+00,0.000000000000000000e+00,0.000000000000000000e+00,0.000000000000000000e+00,0.000000000000000000e+00,0.000000000000000000e+00,0.000000000000000000e+00,0.000000000000000000e+00,0.000000000000000000e+00,0.000000000000000000e+00,0.000000000000000000e+00,0.000000000000000000e+00,0.000000000000000000e+00,0.000000000000000000e+00,0.000000000000000000e+00,0.000000000000000000e+00,0.000000000000000000e+00,0.000000000000000000e+00,0.000000000000000000e+00,0.000000000000000000e+00,0.000000000000000000e+00,0.000000000000000000e+00,0.000000000000000000e+00,0.000000000000000000e+00,0.000000000000000000e+00,0.000000000000000000e+00,0.000000000000000000e+00,0.000000000000000000e+00,0.000000000000000000e+00,0.000000000000000000e+00,0.000000000000000000e+00,0.000000000000000000e+00,0.000000000000000000e+00,0.000000000000000000e+00,0.000000000000000000e+00,0.000000000000000000e+00,0.000000000000000000e+00,0.000000000000000000e+00,0.000000000000000000e+00,0.000000000000000000e+00,0.000000000000000000e+00,0.000000000000000000e+00,0.000000000000000000e+00,0.000000000000000000e+00,0.000000000000000000e+00,0.000000000000000000e+00,0.000000000000000000e+00,0.000000000000000000e+00,0.000000000000000000e+00,0.000000000000000000e+00,0.000000000000000000e+00,0.000000000000000000e+00,0.000000000000000000e+00,0.000000000000000000e+00,0.000000000000000000e+00,0.000000000000000000e+00,0.000000000000000000e+00,0.000000000000000000e+00,0.000000000000000000e+00,0.000000000000000000e+00,0.000000000000000000e+00,0.000000000000000000e+00,0.000000000000000000e+00,0.000000000000000000e+00
5.454069614410400391e+00,9.247762680053710938e+00,1.499097061157226562e+01,1.640635871887207031e+01,2.065817642211914062e+01,1.677484893798828125e+01,-1.431460285186767578e+01,-4.683110046386718750e+01,-6.379259490966796875e+01,-6.521873474121093750e+01,-5.479757690429687500e+01,-1.987505340576171875e+01,-1.520705986022949219e+01,-1.187555885314941406e+01,-8.596983909606933594e+00,-4.108372116088867188e+01,-4.721320343017578125e+01,-5.238373947143554688e+01,-7.079872131347656250e+01,-8.924470520019531250e+01,-8.041471862792968750e+01,-6.613540649414062500e+01,-5.152186584472656250e+01,-3.637836456298828125e+01,-1.930333709716796875e+01,-2.612160682678222656e+00,1.503516912460327148e+00,3.373196125030517578e+00,7.604894638061523438e+00,7.764051437377929688e+00,1.027305412292480469e+01,9.618862152099609375e+00,5.948248863220214844e+00,1.041408920288085938e+01,1.438900375366210938e+01,8.528362274169921875e+00,5.951460361480712891e+00,5.520327091217041016e+00,6.313736915588378906e+00,8.018990516662597656e+00,1.037478065490722656e+01,0.000000000000000000e+00,0.000000000000000000e+00,0.000000000000000000e+00,0.000000000000000000e+00,0.000000000000000000e+00,0.000000000000000000e+00,0.000000000000000000e+00,0.000000000000000000e+00,0.000000000000000000e+00,0.000000000000000000e+00,0.000000000000000000e+00,0.000000000000000000e+00,0.000000000000000000e+00,0.000000000000000000e+00,0.000000000000000000e+00,0.000000000000000000e+00,0.000000000000000000e+00,0.000000000000000000e+00,0.000000000000000000e+00,0.000000000000000000e+00,0.000000000000000000e+00,0.000000000000000000e+00,0.000000000000000000e+00,0.000000000000000000e+00,0.000000000000000000e+00,0.000000000000000000e+00,0.000000000000000000e+00,0.000000000000000000e+00,0.000000000000000000e+00,0.000000000000000000e+00,0.000000000000000000e+00,0.000000000000000000e+00,0.000000000000000000e+00,0.000000000000000000e+00,0.000000000000000000e+00,0.000000000000000000e+00,0.000000000000000000e+00,0.000000000000000000e+00,0.000000000000000000e+00,0.000000000000000000e+00,0.000000000000000000e+00,0.000000000000000000e+00,0.000000000000000000e+00,0.000000000000000000e+00,0.000000000000000000e+00,0.000000000000000000e+00,0.000000000000000000e+00,0.000000000000000000e+00,0.000000000000000000e+00,0.000000000000000000e+00,0.000000000000000000e+00,0.000000000000000000e+00,0.000000000000000000e+00,0.000000000000000000e+00,0.000000000000000000e+00,0.000000000000000000e+00,0.000000000000000000e+00,0.000000000000000000e+00,0.000000000000000000e+00,0.000000000000000000e+00,0.000000000000000000e+00,0.000000000000000000e+00,0.000000000000000000e+00,0.000000000000000000e+00,0.000000000000000000e+00,0.000000000000000000e+00,0.000000000000000000e+00,0.000000000000000000e+00,0.000000000000000000e+00,0.000000000000000000e+00,0.000000000000000000e+00,0.000000000000000000e+00,0.000000000000000000e+00,0.000000000000000000e+00,0.000000000000000000e+00,0.000000000000000000e+00,0.000000000000000000e+00,0.000000000000000000e+00,0.000000000000000000e+00,0.000000000000000000e+00,0.000000000000000000e+00,0.000000000000000000e+00,0.000000000000000000e+00,0.000000000000000000e+00,0.000000000000000000e+00,0.000000000000000000e+00,0.000000000000000000e+00,0.000000000000000000e+00,0.000000000000000000e+00,0.000000000000000000e+00,0.000000000000000000e+00,0.000000000000000000e+00,0.000000000000000000e+00,0.000000000000000000e+00,0.000000000000000000e+00,0.000000000000000000e+00,0.000000000000000000e+00,0.000000000000000000e+00,0.000000000000000000e+00,0.000000000000000000e+00,0.000000000000000000e+00,0.000000000000000000e+00,0.000000000000000000e+00,0.000000000000000000e+00,0.000000000000000000e+00,0.000000000000000000e+00,0.000000000000000000e+00,0.000000000000000000e+00,0.000000000000000000e+00,0.000000000000000000e+00,0.000000000000000000e+00,0.000000000000000000e+00,0.000000000000000000e+00,0.000000000000000000e+00,0.000000000000000000e+00,0.000000000000000000e+00
1.821935272216796875e+01,1.725366210937500000e+01,2.435996246337890625e+01,2.565831756591796875e+01,2.712584686279296875e+01,1.589915847778320312e+01,1.887068939208984375e+01,2.077663230895996094e+01,2.341273498535156250e+01,3.262912750244140625e+01,3.221334075927734375e+01,4.078685379028320312e+01,3.693385314941406250e+01,3.259999465942382812e+01,3.424205017089843750e+01,1.531496047973632812e+01,1.591551542282104492e+00,1.097872447967529297e+01,2.348979568481445312e+01,1.915902709960937500e+01,5.588482618331909180e-01,-2.397399663925170898e+00,-6.753264069557189941e-01,2.801225423812866211e+00,8.532735824584960938e+00,1.695488357543945312e+01,2.325745201110839844e+01,2.542184448242187500e+01,2.516242980957031250e+01,2.265777969360351562e+01,2.186292648315429688e+01,1.871366882324218750e+01,2.153125762939453125e+01,2.418135833740234375e+01,2.112731170654296875e+01,1.913833618164062500e+01,1.851204681396484375e+01,2.024010086059570312e+01,1.686338424682617188e+01,1.565434646606445312e+01,7.233141422271728516e+00,0.000000000000000000e+00,0.000000000000000000e+00,0.000000000000000000e+00,0.000000000000000000e+00,0.000000000000000000e+00,0.000000000000000000e+00,0.000000000000000000e+00,0.000000000000000000e+00,0.000000000000000000e+00,0.000000000000000000e+00,0.000000000000000000e+00,0.000000000000000000e+00,0.000000000000000000e+00,0.000000000000000000e+00,0.000000000000000000e+00,0.000000000000000000e+00,0.000000000000000000e+00,0.000000000000000000e+00,0.000000000000000000e+00,0.000000000000000000e+00,0.000000000000000000e+00,0.000000000000000000e+00,0.000000000000000000e+00,0.000000000000000000e+00,0.000000000000000000e+00,0.000000000000000000e+00,0.000000000000000000e+00,0.000000000000000000e+00,0.000000000000000000e+00,0.000000000000000000e+00,0.000000000000000000e+00,0.000000000000000000e+00,0.000000000000000000e+00,0.000000000000000000e+00,0.000000000000000000e+00,0.000000000000000000e+00,0.000000000000000000e+00,0.000000000000000000e+00,0.000000000000000000e+00,0.000000000000000000e+00,0.000000000000000000e+00,0.000000000000000000e+00,0.000000000000000000e+00,0.000000000000000000e+00,0.000000000000000000e+00,0.000000000000000000e+00,0.000000000000000000e+00,0.000000000000000000e+00,0.000000000000000000e+00,0.000000000000000000e+00,0.000000000000000000e+00,0.000000000000000000e+00,0.000000000000000000e+00,0.000000000000000000e+00,0.000000000000000000e+00,0.000000000000000000e+00,0.000000000000000000e+00,0.000000000000000000e+00,0.000000000000000000e+00,0.000000000000000000e+00,0.000000000000000000e+00,0.000000000000000000e+00,0.000000000000000000e+00,0.000000000000000000e+00,0.000000000000000000e+00,0.000000000000000000e+00,0.000000000000000000e+00,0.000000000000000000e+00,0.000000000000000000e+00,0.000000000000000000e+00,0.000000000000000000e+00,0.000000000000000000e+00,0.000000000000000000e+00,0.000000000000000000e+00,0.000000000000000000e+00,0.000000000000000000e+00,0.000000000000000000e+00,0.000000000000000000e+00,0.000000000000000000e+00,0.000000000000000000e+00,0.000000000000000000e+00,0.000000000000000000e+00,0.000000000000000000e+00,0.000000000000000000e+00,0.000000000000000000e+00,0.000000000000000000e+00,0.000000000000000000e+00,0.000000000000000000e+00,0.000000000000000000e+00,0.000000000000000000e+00,0.000000000000000000e+00,0.000000000000000000e+00,0.000000000000000000e+00,0.000000000000000000e+00,0.000000000000000000e+00,0.000000000000000000e+00,0.000000000000000000e+00,0.000000000000000000e+00,0.000000000000000000e+00,0.000000000000000000e+00,0.000000000000000000e+00,0.000000000000000000e+00,0.000000000000000000e+00,0.000000000000000000e+00,0.000000000000000000e+00,0.000000000000000000e+00,0.000000000000000000e+00,0.000000000000000000e+00,0.000000000000000000e+00,0.000000000000000000e+00,0.000000000000000000e+00,0.000000000000000000e+00,0.000000000000000000e+00,0.000000000000000000e+00,0.000000000000000000e+00,0.000000000000000000e+00
8.391159057617187500e+00,1.103969383239746094e+01,1.156493568420410156e+01,4.124370098114013672e+00,2.989728927612304688e+00,-5.471304416656494141e+00,-1.317183780670166016e+01,-1.639270019531250000e+01,-1.343751621246337891e+01,-2.164574146270751953e+00,8.348096847534179688e+00,-1.103403329849243164e+00,-9.522583961486816406e+00,-1.349226188659667969e+01,-2.354331016540527344e+01,-3.603111028671264648e+00,-1.117031097412109375e+01,-1.395461845397949219e+01,-6.560509681701660156e+00,4.515503883361816406e+00,-2.655086040496826172e+00,-6.874502182006835938e+00,-1.049241447448730469e+01,-1.304643917083740234e+01,-9.733814239501953125e+00,1.324120998382568359e+00,4.448712348937988281e+00,1.173459148406982422e+01,1.654973220825195312e+01,1.298346328735351562e+01,9.917181015014648438e+00,7.800654411315917969e+00,1.132611846923828125e+01,8.964504241943359375e+00,4.771153926849365234e+00,2.934924125671386719e+00,4.439187526702880859e+00,4.949830055236816406e+00,3.275977849960327148e+00,3.658121109008789062e+00,4.465962409973144531e+00,0.000000000000000000e+00,0.000000000000000000e+00,0.000000000000000000e+00,0.000000000000000000e+00,0.000000000000000000e+00,0.000000000000000000e+00,0.000000000000000000e+00,0.000000000000000000e+00,0.000000000000000000e+00,0.000000000000000000e+00,0.000000000000000000e+00,0.000000000000000000e+00,0.000000000000000000e+00,0.000000000000000000e+00,0.000000000000000000e+00,0.000000000000000000e+00,0.000000000000000000e+00,0.000000000000000000e+00,0.000000000000000000e+00,0.000000000000000000e+00,0.000000000000000000e+00,0.000000000000000000e+00,0.000000000000000000e+00,0.000000000000000000e+00,0.000000000000000000e+00,0.000000000000000000e+00,0.000000000000000000e+00,0.000000000000000000e+00,0.000000000000000000e+00,0.000000000000000000e+00,0.000000000000000000e+00,0.000000000000000000e+00,0.000000000000000000e+00,0.000000000000000000e+00,0.000000000000000000e+00,0.000000000000000000e+00,0.000000000000000000e+00,0.000000000000000000e+00,0.000000000000000000e+00,0.000000000000000000e+00,0.000000000000000000e+00,0.000000000000000000e+00,0.000000000000000000e+00,0.000000000000000000e+00,0.000000000000000000e+00,0.000000000000000000e+00,0.000000000000000000e+00,0.000000000000000000e+00,0.000000000000000000e+00,0.000000000000000000e+00,0.000000000000000000e+00,0.000000000000000000e+00,0.000000000000000000e+00,0.000000000000000000e+00,0.000000000000000000e+00,0.000000000000000000e+00,0.000000000000000000e+00,0.000000000000000000e+00,0.000000000000000000e+00,0.000000000000000000e+00,0.000000000000000000e+00,0.000000000000000000e+00,0.000000000000000000e+00,0.000000000000000000e+00,0.000000000000000000e+00,0.000000000000000000e+00,0.000000000000000000e+00,0.000000000000000000e+00,0.000000000000000000e+00,0.000000000000000000e+00,0.000000000000000000e+00,0.000000000000000000e+00,0.000000000000000000e+00,0.000000000000000000e+00,0.000000000000000000e+00,0.000000000000000000e+00,0.000000000000000000e+00,0.000000000000000000e+00,0.000000000000000000e+00,0.000000000000000000e+00,0.000000000000000000e+00,0.000000000000000000e+00,0.000000000000000000e+00,0.000000000000000000e+00,0.000000000000000000e+00,0.000000000000000000e+00,0.000000000000000000e+00,0.000000000000000000e+00,0.000000000000000000e+00,0.000000000000000000e+00,0.000000000000000000e+00,0.000000000000000000e+00,0.000000000000000000e+00,0.000000000000000000e+00,0.000000000000000000e+00,0.000000000000000000e+00,0.000000000000000000e+00,0.000000000000000000e+00,0.000000000000000000e+00,0.000000000000000000e+00,0.000000000000000000e+00,0.000000000000000000e+00,0.000000000000000000e+00,0.000000000000000000e+00,0.000000000000000000e+00,0.000000000000000000e+00,0.000000000000000000e+00,0.000000000000000000e+00,0.000000000000000000e+00,0.000000000000000000e+00,0.000000000000000000e+00,0.000000000000000000e+00,0.000000000000000000e+00,0.000000000000000000e+00,0.000000000000000000e+00,0.000000000000000000e+00
1.373124122619628906e+01,2.310100364685058594e+01,1.904899215698242188e+01,1.613141632080078125e+01,1.346248245239257812e+01,-4.853424072265625000e+00,-1.848945999145507812e+01,-1.332363700866699219e+01,-1.433727264404296875e+01,-1.897378921508789062e+01,-2.322841072082519531e+01,-2.511592102050781250e+01,-2.387509727478027344e+01,-1.773801040649414062e+01,-1.232263183593750000e+01,-2.099435806274414062e+01,-2.175381088256835938e+01,-2.647586441040039062e+01,-2.167449951171875000e+01,-1.460072898864746094e+01,-1.997431564331054688e+01,-2.448794174194335938e+01,-2.354969406127929688e+01,-1.891148185729980469e+01,-8.602620124816894531e+00,5.738327980041503906e+00,1.387812995910644531e+01,1.980099678039550781e+01,2.085201644897460938e+01,2.249138641357421875e+01,1.840352249145507812e+01,1.457670783996582031e+01,1.808200836181640625e+01,1.601788520812988281e+01,1.534786987304687500e+01,1.490854835510253906e+01,1.118082141876220703e+01,1.026278877258300781e+01,1.004348278045654297e+01,8.469369888305664062e+00,1.997840881347656250e+00,0.000000000000000000e+00,0.000000000000000000e+00,0.000000000000000000e+00,0.000000000000000000e+00,0.000000000000000000e+00,0.000000000000000000e+00,0.000000000000000000e+00,0.000000000000000000e+00,0.000000000000000000e+00,0.000000000000000000e+00,0.000000000000000000e+00,0.000000000000000000e+00,0.000000000000000000e+00,0.000000000000000000e+00,0.000000000000000000e+00,0.000000000000000000e+00,0.000000000000000000e+00,0.000000000000000000e+00,0.000000000000000000e+00,0.000000000000000000e+00,0.000000000000000000e+00,0.000000000000000000e+00,0.000000000000000000e+00,0.000000000000000000e+00,0.000000000000000000e+00,0.000000000000000000e+00,0.000000000000000000e+00,0.000000000000000000e+00,0.000000000000000000e+00,0.000000000000000000e+00,0.000000000000000000e+00,0.000000000000000000e+00,0.000000000000000000e+00,0.000000000000000000e+00,0.000000000000000000e+00,0.000000000000000000e+00,0.000000000000000000e+00,0.000000000000000000e+00,0.000000000000000000e+00,0.000000000000000000e+00,0.000000000000000000e+00,0.000000000000000000e+00,0.000000000000000000e+00,0.000000000000000000e+00,0.000000000000000000e+00,0.000000000000000000e+00,0.000000000000000000e+00,0.000000000000000000e+00,0.000000000000000000e+00,0.000000000000000000e+00,0.000000000000000000e+00,0.000000000000000000e+00,0.000000000000000000e+00,0.000000000000000000e+00,0.000000000000000000e+00,0.000000000000000000e+00,0.000000000000000000e+00,0.000000000000000000e+00,0.000000000000000000e+00,0.000000000000000000e+00,0.000000000000000000e+00,0.000000000000000000e+00,0.000000000000000000e+00,0.000000000000000000e+00,0.000000000000000000e+00,0.000000000000000000e+00,0.000000000000000000e+00,0.000000000000000000e+00,0.000000000000000000e+00,0.000000000000000000e+00,0.000000000000000000e+00,0.000000000000000000e+00,0.000000000000000000e+00,0.000000000000000000e+00,0.000000000000000000e+00,0.000000000000000000e+00,0.000000000000000000e+00,0.000000000000000000e+00,0.000000000000000000e+00,0.000000000000000000e+00,0.000000000000000000e+00,0.000000000000000000e+00,0.000000000000000000e+00,0.000000000000000000e+00,0.000000000000000000e+00,0.000000000000000000e+00,0.000000000000000000e+00,0.000000000000000000e+00,0.000000000000000000e+00,0.000000000000000000e+00,0.000000000000000000e+00,0.000000000000000000e+00,0.000000000000000000e+00,0.000000000000000000e+00,0.000000000000000000e+00,0.000000000000000000e+00,0.000000000000000000e+00,0.000000000000000000e+00,0.000000000000000000e+00,0.000000000000000000e+00,0.000000000000000000e+00,0.000000000000000000e+00,0.000000000000000000e+00,0.000000000000000000e+00,0.000000000000000000e+00,0.000000000000000000e+00,0.000000000000000000e+00,0.000000000000000000e+00,0.000000000000000000e+00,0.000000000000000000e+00,0.000000000000000000e+00,0.000000000000000000e+00,0.000000000000000000e+00,0.000000000000000000e+00,0.000000000000000000e+00,0.000000000000000000e+00
8.656096458435058594e+00,1.000444221496582031e+01,6.270941734313964844e+00,1.168918228149414062e+01,1.590029239654541016e+01,-1.010058999061584473e+00,1.318193626403808594e+01,1.935744094848632812e+01,2.055657196044921875e+01,2.323417282104492188e+01,1.125078201293945312e+01,-1.885091018676757812e+01,-1.786400222778320312e+01,-5.730222225189208984e+00,7.138741970062255859e+00,3.021684885025024414e+00,7.446542739868164062e+00,6.233644485473632812e-01,-2.063900947570800781e+00,4.539958953857421875e+00,1.689926338195800781e+01,1.275645160675048828e+01,4.392441272735595703e+00,-2.104840278625488281e+00,-1.488749504089355469e+00,5.776390552520751953e+00,1.089797878265380859e+01,1.413430976867675781e+01,1.359533977508544922e+01,1.264049148559570312e+01,1.396929550170898438e+01,1.322947788238525391e+01,1.400280952453613281e+01,1.037749290466308594e+01,9.522253036499023438e+00,1.212079429626464844e+01,7.102897644042968750e+00,7.210666179656982422e+00,9.535191535949707031e+00,1.051340484619140625e+01,6.248575210571289062e+00,0.000000000000000000e+00,0.000000000000000000e+00,0.000000000000000000e+00,0.000000000000000000e+00,0.000000000000000000e+00,0.000000000000000000e+00,0.000000000000000000e+00,0.000000000000000000e+00,0.000000000000000000e+00,0.000000000000000000e+00,0.000000000000000000e+00,0.000000000000000000e+00,0.000000000000000000e+00,0.000000000000000000e+00,0.000000000000000000e+00,0.000000000000000000e+00,0.000000000000000000e+00,0.000000000000000000e+00,0.000000000000000000e+00,0.000000000000000000e+00,0.000000000000000000e+00,0.000000000000000000e+00,0.000000000000000000e+00,0.000000000000000000e+00,0.000000000000000000e+00,0.000000000000000000e+00,0.000000000000000000e+00,0.000000000000000000e+00,0.000000000000000000e+00,0.000000000000000000e+00,0.000000000000000000e+00,0.000000000000000000e+00,0.000000000000000000e+00,0.000000000000000000e+00,0.000000000000000000e+00,0.000000000000000000e+00,0.000000000000000000e+00,0.000000000000000000e+00,0.000000000000000000e+00,0.000000000000000000e+00,0.000000000000000000e+00,0.000000000000000000e+00,0.000000000000000000e+00,0.000000000000000000e+00,0.000000000000000000e+00,0.000000000000000000e+00,0.000000000000000000e+00,0.000000000000000000e+00,0.000000000000000000e+00,0.000000000000000000e+00,0.000000000000000000e+00,0.000000000000000000e+00,0.000000000000000000e+00,0.000000000000000000e+00,0.000000000000000000e+00,0.000000000000000000e+00,0.000000000000000000e+00,0.000000000000000000e+00,0.000000000000000000e+00,0.000000000000000000e+00,0.000000000000000000e+00,0.000000000000000000e+00,0.000000000000000000e+00,0.000000000000000000e+00,0.000000000000000000e+00,0.000000000000000000e+00,0.000000000000000000e+00,0.000000000000000000e+00,0.000000000000000000e+00,0.000000000000000000e+00,0.000000000000000000e+00,0.000000000000000000e+00,0.000000000000000000e+00,0.000000000000000000e+00,0.000000000000000000e+00,0.000000000000000000e+00,0.000000000000000000e+00,0.000000000000000000e+00,0.000000000000000000e+00,0.000000000000000000e+00,0.000000000000000000e+00,0.000000000000000000e+00,0.000000000000000000e+00,0.000000000000000000e+00,0.000000000000000000e+00,0.000000000000000000e+00,0.000000000000000000e+00,0.000000000000000000e+00,0.000000000000000000e+00,0.000000000000000000e+00,0.000000000000000000e+00,0.000000000000000000e+00,0.000000000000000000e+00,0.000000000000000000e+00,0.000000000000000000e+00,0.000000000000000000e+00,0.000000000000000000e+00,0.000000000000000000e+00,0.000000000000000000e+00,0.000000000000000000e+00,0.000000000000000000e+00,0.000000000000000000e+00,0.000000000000000000e+00,0.000000000000000000e+00,0.000000000000000000e+00,0.000000000000000000e+00,0.000000000000000000e+00,0.000000000000000000e+00,0.000000000000000000e+00,0.000000000000000000e+00,0.000000000000000000e+00,0.000000000000000000e+00,0.000000000000000000e+00,0.000000000000000000e+00,0.000000000000000000e+00,0.000000000000000000e+00
1.855029106140136719e+01,1.864218902587890625e+01,1.368586540222167969e+01,1.101692199707031250e+01,1.383986282348632812e+01,-5.180778503417968750e+00,-5.219057083129882812e+00,-7.004240989685058594e+00,-9.747322082519531250e+00,-1.010956764221191406e+01,-9.918184280395507812e+00,-7.955772876739501953e+00,-3.961645126342773438e+00,-1.391311740875244141e+01,-2.260343742370605469e+01,-1.516051101684570312e+01,-9.489792823791503906e+00,-3.302348613739013672e+00,-6.609946489334106445e-02,-2.342689990997314453e+00,-2.636663913726806641e+00,-2.422170162200927734e+00,1.044866561889648438e+00,3.968937873840332031e+00,8.585050582885742188e+00,1.603025817871093750e+01,1.345822143554687500e+01,1.025341796875000000e+01,1.136376667022705078e+01,1.192458724975585938e+01,1.595630645751953125e+01,1.699678421020507812e+01,1.434044361114501953e+01,1.345964241027832031e+01,1.191283798217773438e+01,1.854829406738281250e+01,2.273762130737304688e+01,1.768898200988769531e+01,1.974002075195312500e+01,1.870681190490722656e+01,7.046081542968750000e+00,0.000000000000000000e+00,0.000000000000000000e+00,0.000000000000000000e+00,0.000000000000000000e+00,0.000000000000000000e+00,0.000000000000000000e+00,0.000000000000000000e+00,0.000000000000000000e+00,0.000000000000000000e+00,0.000000000000000000e+00,0.000000000000000000e+00,0.000000000000000000e+00,0.000000000000000000e+00,0.000000000000000000e+00,0.000000000000000000e+00,0.000000000000000000e+00,0.000000000000000000e+00,0.000000000000000000e+00,0.000000000000000000e+00,0.000000000000000000e+00,0.000000000000000000e+00,0.000000000000000000e+00,0.000000000000000000e+00,0.000000000000000000e+00,0.000000000000000000e+00,0.000000000000000000e+00,0.000000000000000000e+00,0.000000000000000000e+00,0.000000000000000000e+00,0.000000000000000000e+00,0.000000000000000000e+00,0.000000000000000000e+00,0.000000000000000000e+00,0.000000000000000000e+00,0.000000000000000000e+00,0.000000000000000000e+00,0.000000000000000000e+00,0.000000000000000000e+00,0.000000000000000000e+00,0.000000000000000000e+00,0.000000000000000000e+00,0.000000000000000000e+00,0.000000000000000000e+00,0.000000000000000000e+00,0.000000000000000000e+00,0.000000000000000000e+00,0.000000000000000000e+00,0.000000000000000000e+00,0.000000000000000000e+00,0.000000000000000000e+00,0.000000000000000000e+00,0.000000000000000000e+00,0.000000000000000000e+00,0.000000000000000000e+00,0.000000000000000000e+00,0.000000000000000000e+00,0.000000000000000000e+00,0.000000000000000000e+00,0.000000000000000000e+00,0.000000000000000000e+00,0.000000000000000000e+00,0.000000000000000000e+00,0.000000000000000000e+00,0.000000000000000000e+00,0.000000000000000000e+00,0.000000000000000000e+00,0.000000000000000000e+00,0.000000000000000000e+00,0.000000000000000000e+00,0.000000000000000000e+00,0.000000000000000000e+00,0.000000000000000000e+00,0.000000000000000000e+00,0.000000000000000000e+00,0.000000000000000000e+00,0.000000000000000000e+00,0.000000000000000000e+00,0.000000000000000000e+00,0.000000000000000000e+00,0.000000000000000000e+00,0.000000000000000000e+00,0.000000000000000000e+00,0.000000000000000000e+00,0.000000000000000000e+00,0.000000000000000000e+00,0.000000000000000000e+00,0.000000000000000000e+00,0.000000000000000000e+00,0.000000000000000000e+00,0.000000000000000000e+00,0.000000000000000000e+00,0.000000000000000000e+00,0.000000000000000000e+00,0.000000000000000000e+00,0.000000000000000000e+00,0.000000000000000000e+00,0.000000000000000000e+00,0.000000000000000000e+00,0.000000000000000000e+00,0.000000000000000000e+00,0.000000000000000000e+00,0.000000000000000000e+00,0.000000000000000000e+00,0.000000000000000000e+00,0.000000000000000000e+00,0.000000000000000000e+00,0.000000000000000000e+00,0.000000000000000000e+00,0.000000000000000000e+00,0.000000000000000000e+00,0.000000000000000000e+00,0.000000000000000000e+00,0.000000000000000000e+00,0.000000000000000000e+00,0.000000000000000000e+00,0.000000000000000000e+00
2.459738731384277344e+00,3.871101379394531250e+00,1.100138068199157715e+00,-6.533447742462158203e+00,-9.780212402343750000e+00,-1.047364997863769531e+01,-1.017664527893066406e+01,-9.961142539978027344e+00,-8.539642333984375000e+00,-7.735957145690917969e+00,-4.527733802795410156e+00,1.129221343994140625e+01,6.370152473449707031e+00,8.261790871620178223e-01,7.572030067443847656e+00,2.886831760406494141e-02,-1.124628305435180664e+00,2.408702373504638672e+00,-1.719817876815795898e+00,-6.018935203552246094e+00,-1.839924097061157227e+00,9.527496337890625000e+00,1.041935157775878906e+01,1.487137985229492188e+01,9.926420211791992188e+00,6.778160333633422852e-01,-1.350312829017639160e+00,-9.404218196868896484e-01,-3.279041528701782227e+00,-2.277994632720947266e+00,1.651040792465209961e+00,5.758338928222656250e+00,5.460878849029541016e+00,4.744960308074951172e+00,3.038240194320678711e+00,1.029068279266357422e+01,1.416419506072998047e+01,1.171081447601318359e+01,8.112440109252929688e+00,3.464429616928100586e+00,5.230963826179504395e-01,0.000000000000000000e+00,0.000000000000000000e+00,0.000000000000000000e+00,0.000000000000000000e+00,0.000000000000000000e+00,0.000000000000000000e+00,0.000000000000000000e+00,0.000000000000000000e+00,0.000000000000000000e+00,0.000000000000000000e+00,0.000000000000000000e+00,0.000000000000000000e+00,0.000000000000000000e+00,0.000000000000000000e+00,0.000000000000000000e+00,0.000000000000000000e+00,0.000000000000000000e+00,0.000000000000000000e+00,0.000000000000000000e+00,0.000000000000000000e+00,0.000000000000000000e+00,0.000000000000000000e+00,0.000000000000000000e+00,0.000000000000000000e+00,0.000000000000000000e+00,0.000000000000000000e+00,0.000000000000000000e+00,0.000000000000000000e+00,0.000000000000000000e+00,0.000000000000000000e+00,0.000000000000000000e+00,0.000000000000000000e+00,0.000000000000000000e+00,0.000000000000000000e+00,0.000000000000000000e+00,0.000000000000000000e+00,0.000000000000000000e+00,0.000000000000000000e+00,0.000000000000000000e+00,0.000000000000000000e+00,0.000000000000000000e+00,0.000000000000000000e+00,0.000000000000000000e+00,0.000000000000000000e+00,0.000000000000000000e+00,0.000000000000000000e+00,0.000000000000000000e+00,0.000000000000000000e+00,0.000000000000000000e+00,0.000000000000000000e+00,0.000000000000000000e+00,0.000000000000000000e+00,0.000000000000000000e+00,0.000000000000000000e+00,0.000000000000000000e+00,0.000000000000000000e+00,0.000000000000000000e+00,0.000000000000000000e+00,0.000000000000000000e+00,0.000000000000000000e+00,0.000000000000000000e+00,0.000000000000000000e+00,0.000000000000000000e+00,0.000000000000000000e+00,0.000000000000000000e+00,0.000000000000000000e+00,0.000000000000000000e+00,0.000000000000000000e+00,0.000000000000000000e+00,0.000000000000000000e+00,0.000000000000000000e+00,0.000000000000000000e+00,0.000000000000000000e+00,0.000000000000000000e+00,0.000000000000000000e+00,0.000000000000000000e+00,0.000000000000000000e+00,0.000000000000000000e+00,0.000000000000000000e+00,0.000000000000000000e+00,0.000000000000000000e+00,0.000000000000000000e+00,0.000000000000000000e+00,0.000000000000000000e+00,0.000000000000000000e+00,0.000000000000000000e+00,0.000000000000000000e+00,0.000000000000000000e+00,0.000000000000000000e+00,0.000000000000000000e+00,0.000000000000000000e+00,0.000000000000000000e+00,0.000000000000000000e+00,0.000000000000000000e+00,0.000000000000000000e+00,0.000000000000000000e+00,0.000000000000000000e+00,0.000000000000000000e+00,0.000000000000000000e+00,0.000000000000000000e+00,0.000000000000000000e+00,0.000000000000000000e+00,0.000000000000000000e+00,0.000000000000000000e+00,0.000000000000000000e+00,0.000000000000000000e+00,0.000000000000000000e+00,0.000000000000000000e+00,0.000000000000000000e+00,0.000000000000000000e+00,0.000000000000000000e+00,0.000000000000000000e+00,0.000000000000000000e+00,0.000000000000000000e+00,0.000000000000000000e+00,0.000000000000000000e+00
4.880189895629882812e+00,7.707847595214843750e+00,7.994536399841308594e+00,-2.639406919479370117e-02,-5.061917781829833984e+00,-1.321022415161132812e+01,-1.308025741577148438e+01,-1.425581645965576172e+01,-9.543209075927734375e+00,-3.120915412902832031e+00,-2.954188585281372070e-01,-1.176770687103271484e+01,-1.397965621948242188e+01,-1.623494863510131836e+00,8.363692283630371094e+00,5.812385559082031250e+00,1.046689605712890625e+01,1.162459850311279297e+01,1.130927467346191406e+01,1.203683471679687500e+01,7.023651123046875000e+00,1.157361221313476562e+01,7.979539871215820312e+00,8.951456069946289062e+00,7.714156150817871094e+00,7.600236415863037109e+00,8.450967788696289062e+00,7.545415401458740234e+00,3.673728466033935547e+00,5.430937290191650391e+00,7.676960468292236328e+00,7.736164093017578125e+00,1.062513732910156250e+01,1.364189147949218750e+01,1.036233139038085938e+01,1.097598457336425781e+01,1.070612525939941406e+01,1.593236923217773438e+01,1.475282764434814453e+01,7.247671127319335938e+00,-2.261303901672363281e+00,0.000000000000000000e+00,0.000000000000000000e+00,0.000000000000000000e+00,0.000000000000000000e+00,0.000000000000000000e+00,0.000000000000000000e+00,0.000000000000000000e+00,0.000000000000000000e+00,0.000000000000000000e+00,0.000000000000000000e+00,0.000000000000000000e+00,0.000000000000000000e+00,0.000000000000000000e+00,0.000000000000000000e+00,0.000000000000000000e+00,0.000000000000000000e+00,0.000000000000000000e+00,0.000000000000000000e+00,0.000000000000000000e+00,0.000000000000000000e+00,0.000000000000000000e+00,0.000000000000000000e+00,0.000000000000000000e+00,0.000000000000000000e+00,0.000000000000000000e+00,0.000000000000000000e+00,0.000000000000000000e+00,0.000000000000000000e+00,0.000000000000000000e+00,0.000000000000000000e+00,0.000000000000000000e+00,0.000000000000000000e+00,0.000000000000000000e+00,0.000000000000000000e+00,0.000000000000000000e+00,0.000000000000000000e+00,0.000000000000000000e+00,0.000000000000000000e+00,0.000000000000000000e+00,0.000000000000000000e+00,0.000000000000000000e+00,0.000000000000000000e+00,0.000000000000000000e+00,0.000000000000000000e+00,0.000000000000000000e+00,0.000000000000000000e+00,0.000000000000000000e+00,0.000000000000000000e+00,0.000000000000000000e+00,0.000000000000000000e+00,0.000000000000000000e+00,0.000000000000000000e+00,0.000000000000000000e+00,0.000000000000000000e+00,0.000000000000000000e+00,0.000000000000000000e+00,0.000000000000000000e+00,0.000000000000000000e+00,0.000000000000000000e+00,0.000000000000000000e+00,0.000000000000000000e+00,0.000000000000000000e+00,0.000000000000000000e+00,0.000000000000000000e+00,0.000000000000000000e+00,0.000000000000000000e+00,0.000000000000000000e+00,0.000000000000000000e+00,0.000000000000000000e+00,0.000000000000000000e+00,0.000000000000000000e+00,0.000000000000000000e+00,0.000000000000000000e+00,0.000000000000000000e+00,0.000000000000000000e+00,0.000000000000000000e+00,0.000000000000000000e+00,0.000000000000000000e+00,0.000000000000000000e+00,0.000000000000000000e+00,0.000000000000000000e+00,0.000000000000000000e+00,0.000000000000000000e+00,0.000000000000000000e+00,0.000000000000000000e+00,0.000000000000000000e+00,0.000000000000000000e+00,0.000000000000000000e+00,0.000000000000000000e+00,0.000000000000000000e+00,0.000000000000000000e+00,0.000000000000000000e+00,0.000000000000000000e+00,0.000000000000000000e+00,0.000000000000000000e+00,0.000000000000000000e+00,0.000000000000000000e+00,0.000000000000000000e+00,0.000000000000000000e+00,0.000000000000000000e+00,0.000000000000000000e+00,0.000000000000000000e+00,0.000000000000000000e+00,0.000000000000000000e+00,0.000000000000000000e+00,0.000000000000000000e+00,0.000000000000000000e+00,0.000000000000000000e+00,0.000000000000000000e+00,0.000000000000000000e+00,0.000000000000000000e+00,0.000000000000000000e+00,0.000000000000000000e+00,0.000000000000000000e+00,0.000000000000000000e+00,0.000000000000000000e+00
5.996870040893554688e+00,7.995882511138916016e+00,4.651664733886718750e+00,7.604431152343750000e+00,1.261266326904296875e+01,-3.730877876281738281e+00,-1.583953380584716797e+01,-1.360943698883056641e+01,-1.533658981323242188e+01,-1.997533226013183594e+01,-2.156329727172851562e+01,-7.403350830078125000e+00,-1.350161433219909668e+00,-4.950572967529296875e+00,-1.880604934692382812e+01,-2.207860946655273438e+01,-1.718095207214355469e+01,-1.343113517761230469e+01,-1.120166206359863281e+01,-1.214052391052246094e+01,-1.855569458007812500e+01,-1.598251533508300781e+01,-8.943567276000976562e+00,2.959185540676116943e-01,6.946884155273437500e+00,4.871717929840087891e+00,3.587033510208129883e+00,5.718728303909301758e-01,-2.013224124908447266e+00,-6.490582823753356934e-01,3.270397663116455078e+00,1.763925313949584961e+00,2.177764415740966797e+00,5.902930259704589844e+00,4.453707695007324219e+00,3.570073127746582031e+00,5.153021335601806641e+00,1.301339626312255859e+01,1.061732673645019531e+01,6.027106285095214844e+00,2.022275447845458984e+00,0.000000000000000000e+00,0.000000000000000000e+00,0.000000000000000000e+00,0.000000000000000000e+00,0.000000000000000000e+00,0.000000000000000000e+00,0.000000000000000000e+00,0.000000000000000000e+00,0.000000000000000000e+00,0.000000000000000000e+00,0.000000000000000000e+00,0.000000000000000000e+00,0.000000000000000000e+00,0.000000000000000000e+00,0.000000000000000000e+00,0.000000000000000000e+00,0.000000000000000000e+00,0.000000000000000000e+00,0.000000000000000000e+00,0.000000000000000000e+00,0.000000000000000000e+00,0.000000000000000000e+00,0.000000000000000000e+00,0.000000000000000000e+00,0.000000000000000000e+00,0.000000000000000000e+00,0.000000000000000000e+00,0.000000000000000000e+00,0.000000000000000000e+00,0.000000000000000000e+00,0.000000000000000000e+00,0.000000000000000000e+00,0.000000000000000000e+00,0.000000000000000000e+00,0.000000000000000000e+00,0.000000000000000000e+00,0.000000000000000000e+00,0.000000000000000000e+00,0.000000000000000000e+00,0.000000000000000000e+00,0.000000000000000000e+00,0.000000000000000000e+00,0.000000000000000000e+00,0.000000000000000000e+00,0.000000000000000000e+00,0.000000000000000000e+00,0.000000000000000000e+00,0.000000000000000000e+00,0.000000000000000000e+00,0.000000000000000000e+00,0.000000000000000000e+00,0.000000000000000000e+00,0.000000000000000000e+00,0.000000000000000000e+00,0.000000000000000000e+00,0.000000000000000000e+00,0.000000000000000000e+00,0.000000000000000000e+00,0.000000000000000000e+00,0.000000000000000000e+00,0.000000000000000000e+00,0.000000000000000000e+00,0.000000000000000000e+00,0.000000000000000000e+00,0.000000000000000000e+00,0.000000000000000000e+00,0.000000000000000000e+00,0.000000000000000000e+00,0.000000000000000000e+00,0.000000000000000000e+00,0.000000000000000000e+00,0.000000000000000000e+00,0.000000000000000000e+00,0.000000000000000000e+00,0.000000000000000000e+00,0.000000000000000000e+00,0.000000000000000000e+00,0.000000000000000000e+00,0.000000000000000000e+00,0.000000000000000000e+00,0.000000000000000000e+00,0.000000000000000000e+00,0.000000000000000000e+00,0.000000000000000000e+00,0.000000000000000000e+00,0.000000000000000000e+00,0.000000000000000000e+00,0.000000000000000000e+00,0.000000000000000000e+00,0.000000000000000000e+00,0.000000000000000000e+00,0.000000000000000000e+00,0.000000000000000000e+00,0.000000000000000000e+00,0.000000000000000000e+00,0.000000000000000000e+00,0.000000000000000000e+00,0.000000000000000000e+00,0.000000000000000000e+00,0.000000000000000000e+00,0.000000000000000000e+00,0.000000000000000000e+00,0.000000000000000000e+00,0.000000000000000000e+00,0.000000000000000000e+00,0.000000000000000000e+00,0.000000000000000000e+00,0.000000000000000000e+00,0.000000000000000000e+00,0.000000000000000000e+00,0.000000000000000000e+00,0.000000000000000000e+00,0.000000000000000000e+00,0.000000000000000000e+00,0.000000000000000000e+00,0.000000000000000000e+00
